I
1130 Generated by WorldEditor 2.0.0r4

1    384 0 0 HI33 Haiku Airstrip
1302 city Puhi
1302 country United States
1302 datum_lat 
1302 datum_lon 
1302 faa_code HI33
1302 iata_code 
1302 icao_code HI33
1302 region_code 
1302 state Hawaii
1302 transition_alt 
1302 transition_level 
100 18.00 1 0 0.25 0 0 0 05  21.94417253 -159.44336576    0    0 0 0 0 0 23  21.94564256 -159.43643584    0    0 0 0 0 0
110 3 0.00 0.0000 New Taxiway 1
111  21.94424847 -159.44338210
111  21.94429728 -159.44314835
111  21.94442057 -159.44318045
111  21.94437543 -159.44340778
111  21.94421341 -159.44343649
113  21.94421067 -159.44337415
130 Airport Boundary 2
111  21.94400565 -159.44335088
111  21.94449874 -159.44091926
111  21.94470870 -159.44014073
111  21.94552230 -159.43635155
111  21.94578883 -159.43644221
111  21.94455038 -159.44205354
111  21.94465931 -159.44309389
111  21.94463169 -159.44339326
113  21.94421747 -159.44346604
14  21.94445027 -159.44316444 164.04 0 New Tower Viewpoint 5
1300  21.94430541 -159.44321597 208.42 tie_down props New Ramp Start 6
1301 A general_aviation 
19  21.94423831 -159.44343378 1 WS
99
