I
1100 Generated by WorldEditor 1.6.1r1

17    175 0 0 HI64 [H] Tinian Dynasty
1302 city San Jose Tinian
1302 country Northern Mariana Islands
1302 datum_lat 
1302 datum_lon 
1302 faa_code 
1302 iata_code 
1302 icao_code HI64
1302 region_code 
1302 state (unassigned)
1302 transition_alt 
1302 transition_level 
102 H1  14.95999555  145.63105288   0.51 27.07 28.67 5 0 0 0.25 0
110 1 0.00 317.6542 Taxiway
112  14.96016860  145.63102779  14.96015677  145.63092234 22
112  14.95998377  145.63087131  14.95990827  145.63087885 22
112  14.95982513  145.63100237  14.95980603  145.63107393 22
111  14.95985169  145.63116620
111  14.95976667  145.63123721
111  14.95968040  145.63111485
111  14.95962918  145.63115520
111  14.95959842  145.63110974
111  14.95954919  145.63114562
111  14.95952137  145.63110632
111  14.95948769  145.63113398
111  14.95968113  145.63142397
111  14.95989926  145.63120395 22
114  14.96003161  145.63122928  14.96011893  145.63121327 22
130 Airport Boundary
111  14.96028138  145.63078528
111  14.95944995  145.63072774
111  14.95936923  145.63191118
113  14.96019664  145.63196502
1300  14.95999602  145.63105268 143.75 misc helos Ramp Start
1301 B none 
19  14.95973422  145.63100611 1 WS
99
