I
1130 Generated by WorldEditor 2.0.0r4

17    484 0 0 HI04 [H] Hilo Hospital
1302 city Hilo
1302 country United States
1302 datum_lat 
1302 datum_lon 
1302 faa_code HI04
1302 iata_code 
1302 icao_code HI04
1302 region_code 
1302 state Hawaii
1302 transition_alt 
1302 transition_level 
102 H1  19.71852073 -155.11438572  20.18 25.00 25.00 1 0 0 0.00 1
110 1 0.00 0.0000 New Taxiway 20
111  19.71856279 -155.11438294
111  19.71849136 -155.11441781
111  19.71848002 -155.11439159
113  19.71855145 -155.11435673
110 1 0.00 0.0000 New Taxiway 20
111  19.71854796 -155.11441847
111  19.71852437 -155.11442999
111  19.71849277 -155.11435694
113  19.71851636 -155.11434543
110 2 0.00 0.0000 New Taxiway 15
111  19.71861020 -155.11442968
111  19.71848189 -155.11448041
111  19.71843525 -155.11434730
113  19.71856356 -155.11429656
110 1 0.00 0.0000 New Taxiway 4
111  19.71739116 -155.11461567
112  19.71741022 -155.11465212  19.71742102 -155.11466156
111  19.71744960 -155.11467034
112  19.71763893 -155.11470408  19.71766243 -155.11470611
112  19.71769166 -155.11466291  19.71770055 -155.11461770
111  19.71766323 -155.11460148
111  19.71765560 -155.11464764
111  19.71754582 -155.11463631
111  19.71755192 -155.11458610
111  19.71750301 -155.11457712
111  19.71760588 -155.11388977
111  19.71763765 -155.11389033
112  19.71764241 -155.11387008  19.71764188 -155.11385434
111  19.71763201 -155.11384186
111  19.71765507 -155.11371475
111  19.71781425 -155.11375206
112  19.71786696 -155.11349005  19.71787153 -155.11347466
112  19.71785705 -155.11346494  19.71784180 -155.11346251
112  19.71782045 -155.11355645  19.71780063 -155.11364473
111  19.71771433 -155.11363426
112  19.71756393 -155.11360861  19.71752331 -155.11360161
111  19.71749806 -155.11364709
111  19.71753100 -155.11344184
111  19.71754307 -155.11344301
112  19.71757906 -155.11351539  19.71762988 -155.11352146
111  19.71764800 -155.11344203
111  19.71781158 -155.11228129
111  19.71786164 -155.11229669
112  19.71777526 -155.11293206  19.71776340 -155.11300622
111  19.71778427 -155.11302422
112  19.71785764 -155.11303634  19.71792461 -155.11304683
111  19.71790491 -155.11311402
112  19.71788304 -155.11325163  19.71787115 -155.11332196
112  19.71789534 -155.11336180  19.71791246 -155.11338979
111  19.71795067 -155.11340379
111  19.71820988 -155.11345823
111  19.71821171 -155.11349322
111  19.71825288 -155.11350099
112  19.71817987 -155.11383324  19.71816615 -155.11391293
111  19.71823231 -155.11392257
112  19.71850237 -155.11395895  19.71864860 -155.11397854
111  19.71865782 -155.11384000
111  19.71876544 -155.11320048
111  19.71881854 -155.11320466
112  19.71871675 -155.11385322  19.71868513 -155.11406033
111  19.71854812 -155.11402395
112  19.71820591 -155.11396353  19.71816017 -155.11395673
111  19.71815743 -155.11399366
112  19.71809304 -155.11436709  19.71808008 -155.11443431
111  19.71812277 -155.11444646
112  19.71827216 -155.11447010  19.71835792 -155.11448292
111  19.71837698 -155.11453691
111  19.71843913 -155.11451543
111  19.71845068 -155.11454906
111  19.71838206 -155.11457268
112  19.71837825 -155.11460305  19.71837444 -155.11462397
112  19.71834551 -155.11466366  19.71831916 -155.11468045
112  19.71813868 -155.11476162  19.71809521 -155.11478401
112  19.71814242 -155.11492609  19.71815823 -155.11497647
112  19.71824745 -155.11529618  19.71827270 -155.11539764
112  19.71838139 -155.11560638  19.71850105 -155.11567519
112  19.71864486 -155.11561221  19.71869646 -155.11559239
112  19.71877330 -155.11548393  19.71880185 -155.11546877
111  19.71878977 -155.11543262
111  19.71874805 -155.11534399
111  19.71886552 -155.11529501
111  19.71892261 -155.11542912
112  19.71887540 -155.11545711  19.71883478 -155.11547810
112  19.71869187 -155.11561227  19.71862863 -155.11567273
112  19.71843103 -155.11566937  19.71832669 -155.11563914
112  19.71824449 -155.11547457  19.71821919 -155.11541579
112  19.71809587 -155.11491017  19.71808138 -155.11485279
111  19.71800268 -155.11483437
112  19.71747087 -155.11474018  19.71740531 -155.11473047
113  19.71737481 -155.11477501
112  19.71811187 -155.11395930  19.71812102 -155.11391168
111  19.71805698 -155.11390877
111  19.71805424 -155.11395153
111  19.71807436 -155.11398554
111  19.71796510 -155.11466464
111  19.71792253 -155.11465586
111  19.71791453 -155.11471012
111  19.71778721 -155.11468758
111  19.71779293 -155.11463899
112  19.71777895 -155.11463562  19.71777006 -155.11463494
112  19.71774719 -155.11468218  19.71773829 -155.11472470
111  19.71778467 -155.11473658
112  19.71790449 -155.11475912  19.71797806 -155.11476749
113  19.71798797 -155.11469258
112  19.71833959 -155.11456576  19.71833070 -155.11452324
112  19.71825408 -155.11451177  19.71820516 -155.11450165
111  19.71811876 -155.11448477
112  19.71806857 -155.11452054  19.71805777 -155.11456508
112  19.71805586 -155.11466902  19.71806539 -155.11468791
112  19.71812930 -155.11470627  19.71816171 -155.11471032
114  19.71826628 -155.11466443  19.71832473 -155.11463676
112  19.71813186 -155.11375243  19.71811810 -155.11374961
111  19.71811306 -155.11378635
111  19.71788073 -155.11372943
112  19.71786700 -155.11377411  19.71786014 -155.11380489
111  19.71787996 -155.11381136
111  19.71788992 -155.11376520
111  19.71805918 -155.11379978
111  19.71805150 -155.11384133
112  19.71808352 -155.11384943  19.71811554 -155.11385753
113  19.71812621 -155.11381865
112  19.71783828 -155.11315342  19.71784133 -155.11312669
112  19.71780397 -155.11308215  19.71775671 -155.11307405
111  19.71774908 -155.11311616
112  19.71768375 -155.11351000  19.71767676 -155.11355184
112  19.71772568 -155.11358423  19.71776443 -155.11359166
113  19.71777015 -155.11355319
110 1 0.00 0.0000 New Taxiway 16
111  19.71867120 -155.11445384
112  19.71866792 -155.11446545  19.71866391 -155.11446739
112  19.71851599 -155.11451925  19.71850761 -155.11452234
111  19.71845479 -155.11454750
112  19.71844531 -155.11454595  19.71844094 -155.11453783
112  19.71839750 -155.11441660  19.71839276 -155.11440422
112  19.71835888 -155.11431946  19.71835670 -155.11431442
112  19.71835633 -155.11430591  19.71836253 -155.11430436
112  19.71837528 -155.11430823  19.71837819 -155.11430823
112  19.71849806 -155.11426063  19.71851117 -155.11425444
112  19.71856509 -155.11423121  19.71857530 -155.11422657
112  19.71858841 -155.11422193  19.71859278 -155.11422270
112  19.71859971 -155.11422928  19.71860262 -155.11423354
114  19.71860699 -155.11425405  19.71860845 -155.11425792
110 3 0.00 0.0000 New Taxiway 7
111  19.71875237 -155.11447251
111  19.71841512 -155.11460889
111  19.71830216 -155.11429367
113  19.71863941 -155.11415729
110 2 0.00 0.0000 New Taxiway 23
112  19.71825292 -155.11433931  19.71824803 -155.11433954
112  19.71824700 -155.11432943  19.71824927 -155.11432482
114  19.71825801 -155.11432893  19.71826064 -155.11433332
110 2 0.00 0.0000 New Taxiway 23
112  19.71818712 -155.11434551  19.71818077 -155.11434580
112  19.71817944 -155.11433270  19.71818238 -155.11432671
114  19.71819373 -155.11433204  19.71819714 -155.11433774
110 1 0.00 0.0000 New Taxiway 22
111  19.71876512 -155.11320301
112  19.71882779 -155.11281610  19.71883301 -155.11276895
111  19.71876251 -155.11269267
111  19.71894528 -155.11271209
112  19.71889176 -155.11279807  19.71887609 -155.11284938
113  19.71881732 -155.11320602
130 Airport Boundary
111  19.71906461 -155.11559621
111  19.71902401 -155.11568727
111  19.71895633 -155.11569686
111  19.71889768 -155.11567289
111  19.71880744 -155.11567768
111  19.71873751 -155.11574478
111  19.71868112 -155.11579271
111  19.71861795 -155.11579750
111  19.71855253 -155.11574478
111  19.71851418 -155.11570165
111  19.71842395 -155.11568008
111  19.71832244 -155.11562496
111  19.71825250 -155.11552192
111  19.71820062 -155.11538773
111  19.71814541 -155.11519718
111  19.71810233 -155.11514448
111  19.71803183 -155.11492814
111  19.71798614 -155.11488515
111  19.71749512 -155.11478030
111  19.71738742 -155.11477452
111  19.71751192 -155.11364234
111  19.71755121 -155.11342727
111  19.71769957 -155.11250400
111  19.71897945 -155.11272829
111  19.71883278 -155.11372230
111  19.71883278 -155.11406738
111  19.71892211 -155.11417952
111  19.71898166 -155.11440382
111  19.71901956 -155.11458786
111  19.71899782 -155.11460277
111  19.71868651 -155.11477243
111  19.71845371 -155.11487308
111  19.71839145 -155.11497948
111  19.71840227 -155.11515201
111  19.71851056 -155.11518940
111  19.71867839 -155.11513763
111  19.71885164 -155.11513763
111  19.71904655 -155.11512613
111  19.71912234 -155.11514914
111  19.71914400 -155.11527566
113  19.71912505 -155.11541369
120 Linear Feature 18
111  19.71851809 -155.11438160 32
115  19.71852265 -155.11439224
120 Linear Feature 14
111  19.71771687 -155.11469219 24
115  19.71774536 -155.11469947
120 Linear Feature 13
111  19.71772913 -155.11462970 20
115  19.71771656 -155.11469219
120 Linear Feature 12
111  19.71783311 -155.11477564 20
111  19.71792955 -155.11479143 20
112  19.71800977 -155.11472891  19.71802120 -155.11465535 20
115  19.71802248 -155.11465063
120 Linear Feature 11
111  19.71740042 -155.11470129 20
115  19.71748318 -155.11471237
120 Linear Feature 10
111  19.71739106 -155.11475870 24
115  19.71739999 -155.11470174
120 Linear Feature 18
111  19.71852775 -155.11437694 32
115  19.71850895 -155.11438608
120 Linear Feature 18
111  19.71853232 -155.11438795 32
115  19.71851352 -155.11439710
120 Linear Feature 17
111  19.71866638 -155.11445879 10
111  19.71845142 -155.11454432 10
111  19.71837147 -155.11431756 10
113  19.71858642 -155.11423203 10
14  19.71838266 -155.11464816   6.56 0 Tower Viewpoint
1300  19.71855888 -155.11424848  13.81 misc helos Helicopter Side Parking
1301 A none 
19  19.71818666 -155.11433697 1 Windsock
99
