I
1130 Generated by WorldEditor 2.0.0r4

17   2797 0 0 HI18 [H]Waimea Hospital
1302 city Kamuela
1302 country United States
1302 datum_lat 
1302 datum_lon 
1302 faa_code HI18
1302 iata_code 
1302 icao_code HI18
1302 region_code 
1302 state Hawaii
1302 transition_alt 
1302 transition_level 
102 H1  20.02173985 -155.66350490  23.28 15.00 15.00 3 0 0 0.00 0
110 1 0.00 0.0000 New Taxiway 6
111  20.02094760 -155.66483479
112  20.02104079 -155.66479511  20.02108083 -155.66477234
112  20.02106150 -155.66470328  20.02105736 -155.66467315
112  20.02102783 -155.66460637  20.02102037 -155.66457111
112  20.02104064 -155.66450645  20.02105223 -155.66448529
111  20.02104064 -155.66445884
111  20.02102407 -155.66442533
111  20.02139313 -155.66376384
111  20.02142190 -155.66381465
112  20.02144778 -155.66376629  20.02145986 -155.66374302
112  20.02145008 -155.66370690  20.02144318 -155.66369649
111  20.02142801 -155.66370368
111  20.02140247 -155.66372352
111  20.02126372 -155.66352662
112  20.02129547 -155.66349943  20.02131204 -155.66348254
112  20.02130789 -155.66345021  20.02130099 -155.66343552
111  20.02127837 -155.66342700
111  20.02140243 -155.66318832
111  20.02155459 -155.66328315
111  20.02144053 -155.66349850
111  20.02140773 -155.66347629
112  20.02139978 -155.66348475  20.02139580 -155.66349321
112  20.02140475 -155.66353342  20.02141071 -155.66355140
111  20.02142264 -155.66353976
111  20.02144550 -155.66352389
111  20.02160554 -155.66370904
112  20.02158367 -155.66374924  20.02158169 -155.66377357
112  20.02162840 -155.66382118  20.02165127 -155.66383176
112  20.02171787 -155.66381166  20.02176359 -155.66379473
111  20.02183218 -155.66374192
111  20.02180815 -155.66368638
112  20.02187359 -155.66365376  20.02191750 -155.66362995
112  20.02203304 -155.66357443  20.02209727 -155.66354841
111  20.02213854 -155.66355428
111  20.02216001 -155.66350985
111  20.02253575 -155.66369647
111  20.02252502 -155.66371806
111  20.02256552 -155.66377527
111  20.02253985 -155.66380877
111  20.02255144 -155.66382023
112  20.02259617 -155.66381318  20.02262102 -155.66380701
111  20.02264256 -155.66378144
111  20.02284444 -155.66355747
112  20.02400479 -155.66408321  20.02403724 -155.66409717
111  20.02405450 -155.66410158
111  20.02403931 -155.66413758
112  20.02400963 -155.66412215  20.02398339 -155.66411040
112  20.02292693 -155.66363072  20.02287889 -155.66361133
112  20.02280185 -155.66366952  20.02277037 -155.66369420
112  20.02263038 -155.66384320  20.02260967 -155.66386260
112  20.02261713 -155.66388904  20.02263121 -155.66390491
111  20.02265192 -155.66388728
112  20.02271487 -155.66382557  20.02275049 -155.66379118
111  20.02278860 -155.66382204
111  20.02294609 -155.66392539
112  20.02296431 -155.66392803  20.02298088 -155.66392980
111  20.02299529 -155.66390881
111  20.02302412 -155.66385380
111  20.02369920 -155.66417253
111  20.02367435 -155.66422631
112  20.02371328 -155.66436649  20.02368346 -155.66445024
111  20.02359400 -155.66442291
111  20.02357495 -155.66442644
111  20.02333555 -155.66431283
111  20.02331567 -155.66434192
111  20.02328916 -155.66433223
111  20.02326017 -155.66433399
111  20.02322787 -155.66440364
111  20.02312598 -155.66435867
111  20.02310444 -155.66426522
112  20.02313012 -155.66422731  20.02314337 -155.66421408
112  20.02319556 -155.66423172  20.02321378 -155.66422819
112  20.02321047 -155.66418058  20.02319142 -155.66415325
111  20.02315083 -155.66416824
111  20.02303798 -155.66420585
111  20.02305455 -155.66424994
111  20.02294603 -155.66431077
111  20.02291240 -155.66422531
112  20.02283702 -155.66421208  20.02279478 -155.66419798
112  20.02273513 -155.66413538  20.02269372 -155.66409747
112  20.02259817 -155.66397078  20.02257084 -155.66394168
111  20.02255434 -155.66395628
111  20.02248674 -155.66403563
111  20.02238138 -155.66390656
111  20.02244201 -155.66383990
111  20.02242412 -155.66381875
111  20.02240424 -155.66383673
111  20.02230414 -155.66374352
111  20.02233230 -155.66370297
112  20.02230579 -155.66368710  20.02228177 -155.66367564
112  20.02212226 -155.66366542  20.02205546 -155.66366923
112  20.02190740 -155.66378209  20.02186764 -155.66382335
111  20.02190541 -155.66391857
111  20.02203165 -155.66406245
111  20.02194816 -155.66414285
112  20.02179806 -155.66396088  20.02175333 -155.66391010
112  20.02163711 -155.66390348  20.02158492 -155.66390436
112  20.02151700 -155.66402867  20.02149463 -155.66406305
112  20.02138572 -155.66426975  20.02134678 -155.66433764
112  20.02117568 -155.66464969  20.02115083 -155.66469201
112  20.02115083 -155.66481632  20.02116905 -155.66488156
111  20.02126355 -155.66495150
112  20.02143160 -155.66508772  20.02154611 -155.66517912
112  20.02180031 -155.66529538  20.02185070 -155.66531301
112  20.02194320 -155.66530787  20.02197357 -155.66531742
112  20.02204403 -155.66537621  20.02205635 -155.66538542
111  20.02205835 -155.66537409
111  20.02207566 -155.66533476
111  20.02228613 -155.66544990
111  20.02226542 -155.66550015
111  20.02228530 -155.66551426
111  20.02231926 -155.66548252
111  20.02254449 -155.66571627
111  20.02252867 -155.66573107
111  20.02254626 -155.66574783
111  20.02254746 -155.66577292
112  20.02260019 -155.66577419  20.02263814 -155.66577037
111  20.02264535 -155.66572376
111  20.02260658 -155.66570577
111  20.02274516 -155.66532862
112  20.02279521 -155.66522760  20.02281304 -155.66519760
112  20.02274975 -155.66513665  20.02272904 -155.66512135
111  20.02271638 -155.66513114
111  20.02269252 -155.66515998
111  20.02272358 -155.66520774
112  20.02263454 -155.66525696  20.02256482 -155.66527386
111  20.02251926 -155.66526431
111  20.02252352 -155.66520518
112  20.02250787 -155.66519703  20.02250055 -155.66519348
111  20.02247638 -155.66518197
111  20.02245351 -155.66522957
112  20.02237598 -155.66514599  20.02234715 -155.66509521
111  20.02235610 -155.66503173
111  20.02240381 -155.66502856
112  20.02242568 -155.66498942  20.02244059 -155.66496614
111  20.02250322 -155.66489843
112  20.02257180 -155.66484976  20.02260759 -155.66483284
112  20.02269009 -155.66487304  20.02273582 -155.66490160
111  20.02274820 -155.66497513
112  20.02288048 -155.66509182  20.02290752 -155.66511263
112  20.02294203 -155.66509733  20.02296504 -155.66508876
111  20.02294491 -155.66507284
111  20.02289415 -155.66504813
112  20.02284882 -155.66499354  20.02281184 -155.66494403
111  20.02282496 -155.66490975
111  20.02288938 -155.66471677
111  20.02325319 -155.66488690
112  20.02326870 -155.66493133  20.02328659 -155.66495037
111  20.02340735 -155.66499809
111  20.02337559 -155.66505907
111  20.02323408 -155.66523613
112  20.02303695 -155.66515532  20.02301937 -155.66514767
112  20.02300419 -155.66516085  20.02299860 -155.66517275
112  20.02303051 -155.66520213  20.02304144 -155.66520848
112  20.02314482 -155.66529523  20.02317365 -155.66531851
111  20.02321241 -155.66533649
112  20.02313985 -155.66541055  20.02314383 -155.66539680
111  20.02312991 -155.66537775
112  20.02300566 -155.66524445  20.02298677 -155.66522541
112  20.02294005 -155.66524762  20.02291023 -155.66526878
111  20.02294601 -155.66531004
111  20.02275694 -155.66580288
111  20.02271042 -155.66578130
111  20.02268895 -155.66581177
111  20.02272832 -155.66585493
112  20.02268657 -155.66588667  20.02266271 -155.66589810
112  20.02253866 -155.66589683  20.02247424 -155.66587525
111  20.02240406 -155.66581775
111  20.02220126 -155.66563534
112  20.02221967 -155.66559861  20.02222945 -155.66558269
112  20.02221219 -155.66556310  20.02220414 -155.66555514
111  20.02219148 -155.66556065
111  20.02217135 -155.66560167
111  20.02201860 -155.66551635
112  20.02203298 -155.66546482  20.02202340 -155.66545308
112  20.02199417 -155.66545683  20.02197760 -155.66545772
112  20.02190968 -155.66549651  20.02185501 -155.66549474
112  20.02182104 -155.66542774  20.02180945 -155.66540394
112  20.02179039 -155.66536426  20.02177217 -155.66534839
112  20.02163771 -155.66529662  20.02156376 -155.66525599
112  20.02118172 -155.66498953  20.02113948 -155.66496132
112  20.02109640 -155.66488109  20.02106907 -155.66485552
113  20.02097546 -155.66490225
111  20.02126256 -155.66435694
112  20.02145421 -155.66400894  20.02151703 -155.66389653
112  20.02154395 -155.66388551  20.02156673 -155.66385465
112  20.02152048 -155.66380984  20.02149011 -155.66380322
111  20.02146526 -155.66383408
111  20.02151703 -155.66383776
111  20.02113172 -155.66452703
112  20.02110200 -155.66452805  20.02108187 -155.66452754
112  20.02106988 -155.66455560  20.02106605 -155.66457703
112  20.02109625 -155.66464080  20.02110296 -155.66464948
113  20.02110823 -155.66464080
110 2 0.00 0.0000 New Taxiway 3
111  20.02176603 -155.66353792
111  20.02174217 -155.66354836
111  20.02171242 -155.66347137
113  20.02173628 -155.66346093
110 2 0.00 0.0000 New Taxiway 3
111  20.02178187 -155.66350258
111  20.02170497 -155.66353624
111  20.02169490 -155.66351018
113  20.02177180 -155.66347652
110 5 0.00 0.0000 New Taxiway 2
111  20.02210197 -155.66359708
112  20.02208816 -155.66353169  20.02208195 -155.66351553
112  20.02202880 -155.66345455  20.02200050 -155.66343692
112  20.02191559 -155.66344500  20.02187072 -155.66345161
111  20.02180048 -155.66349293
111  20.02179220 -155.66346795
112  20.02187072 -155.66342957  20.02189005 -155.66342222
112  20.02197841 -155.66341194  20.02201844 -155.66340973
112  20.02207643 -155.66346924  20.02210335 -155.66349716
114  20.02212130 -155.66359267  20.02212268 -155.66359414
110 3 0.00 0.0000 New Taxiway 1
112  20.02185360 -155.66353173  20.02183126 -155.66362731
112  20.02165347 -155.66359292  20.02158687 -155.66352454
114  20.02170374 -155.66337787  20.02179269 -155.66335067
130 Airport Boundary
111  20.02101047 -155.66492101
111  20.02096925 -155.66479816
111  20.02090123 -155.66469285
111  20.02080229 -155.66458097
111  20.02078168 -155.66442741
111  20.02098574 -155.66407421
111  20.02105582 -155.66404350
111  20.02120629 -155.66398865
111  20.02132171 -155.66382851
111  20.02135263 -155.66372540
111  20.02124670 -155.66353680
111  20.02119476 -155.66343940
111  20.02114281 -155.66331830
111  20.02112550 -155.66321563
111  20.02127885 -155.66294975
111  20.02222124 -155.66341570
111  20.02268131 -155.66366096
111  20.02286761 -155.66349867
111  20.02407960 -155.66403835
111  20.02400540 -155.66419630
111  20.02290966 -155.66370928
111  20.02286266 -155.66376456
111  20.02375311 -155.66419104
111  20.02382731 -155.66431740
111  20.02382731 -155.66450168
111  20.02380258 -155.66458065
111  20.02362449 -155.66482285
111  20.02335735 -155.66514929
111  20.02324357 -155.66528618
111  20.02304891 -155.66548222
111  20.02272086 -155.66589155
111  20.02263479 -155.66593894
111  20.02255762 -155.66593894
111  20.02240031 -155.66586312
111  20.02201445 -155.66557881
111  20.02175325 -155.66542717
111  20.02156923 -155.66530713
111  20.02131693 -155.66513654
113  20.02110619 -155.66497543
120 Linear Feature 4
111  20.02173711 -155.66349966 32
115  20.02174224 -155.66351212
120 Linear Feature 4
111  20.02174659 -155.66349515 32
115  20.02172730 -155.66350370
120 Linear Feature 4
111  20.02175161 -155.66350797 32
115  20.02173232 -155.66351651
14  20.02205178 -155.66353498   6.56 0 Tower Viewpoint
19  20.02201223 -155.66352417 1 Windsock
99
