I
1130 Generated by WorldEditor 2.0.0r4

1   1500 0 0 HI23 Mountain View Airstrip
1302 city Mountain View
1302 country United States
1302 datum_lat 
1302 datum_lon 
1302 faa_code HI23
1302 iata_code 
1302 icao_code HI23
1302 region_code 
1302 state Hawaii
1302 transition_alt 
1302 transition_level 
100 6.40 3 0 1.00 0 0 0 05  19.54562641 -155.10978369    0    0 0 0 0 0 23  19.54724205 -155.10623555    0    0 0 0 0 0
110 2 0.00 0.0000 New Taxiway 8
111  19.54689801 -155.10889323
111  19.54682637 -155.10887091
111  19.54684041 -155.10882019
111  19.54680967 -155.10881061
112  19.54684867 -155.10866964  19.54684932 -155.10867173
111  19.54699786 -155.10871612
111  19.54695996 -155.10885309
113  19.54691315 -155.10883851
110 3 0.00 0.0000 New Taxiway 7
112  19.54656006 -155.10835680  19.54656364 -155.10834666
112  19.54658270 -155.10835280  19.54658919 -155.10836115
114  19.54657465 -155.10837561  19.54656459 -155.10837739
110 3 0.00 0.0000 New Taxiway 4
111  19.54694352 -155.10682652
112  19.54692648 -155.10679640  19.54691418 -155.10678636
112  19.54689620 -155.10675422  19.54689715 -155.10673313
112  19.54714793 -155.10623203  19.54716496 -155.10620492
112  19.54720376 -155.10617680  19.54721417 -155.10617077
112  19.54724729 -155.10618985  19.54725865 -155.10619688
112  19.54730123 -155.10625011  19.54730691 -155.10625814
112  19.54733246 -155.10631739  19.54733057 -155.10633747
112  19.54728136 -155.10637664  19.54726433 -155.10641379
112  19.54709966 -155.10681950  19.54707790 -155.10686770
112  19.54702774 -155.10689079  19.54699935 -155.10690887
113  19.54694541 -155.10695808
110 3 0.00 0.0000 New Taxiway 3
111  19.54734890 -155.10962845
112  19.54725754 -155.10976037  19.54721575 -155.10985075
112  19.54710730 -155.11021779  19.54707436 -155.11034432
112  19.54698519 -155.11059424  19.54694494 -155.11066176
112  19.54663688 -155.11058153  19.54644837 -155.11041162
111  19.54581198 -155.10978590
112  19.54573834 -155.10974284  19.54571381 -155.10974457
111  19.54569582 -155.10977407
111  19.54565494 -155.10981398
111  19.54558299 -155.10977234
111  19.54569419 -155.10954849
111  19.54575142 -155.10958840
112  19.54578086 -155.10971854  19.54583482 -155.10977060
112  19.54661047 -155.11051210  19.54680908 -155.11068492
112  19.54699967 -155.11050342  19.54705121 -155.11034977
112  19.54717955 -155.10985096  19.54720408 -155.10978328
112  19.54725532 -155.10967984  19.54726857 -155.10965574
111  19.54725816 -155.10963365
113  19.54725154 -155.10962260
110 1 0.00 0.0000 New Taxiway 1
111  19.54823112 -155.11026717
112  19.54822923 -155.11019788  19.54821220 -155.11017980
112  19.54817434 -155.11017579  19.54815542 -155.11018583
112  19.54805984 -155.11018282  19.54801346 -155.11016273
112  19.54796993 -155.11011152  19.54796236 -155.11008541
112  19.54798318 -155.11002214  19.54800022 -155.10999904
112  19.54806362 -155.11000406  19.54808728 -155.11001913
111  19.54813838 -155.11005327
112  19.54817624 -155.11001645  19.54818854 -155.10999235
112  19.54816109 -155.10996524  19.54813649 -155.10995318
112  19.54785941 -155.10976654  19.54776969 -155.10970750
112  19.54758232 -155.10961471  19.54749033 -155.10960989
112  19.54731091 -155.10963115  19.54723732 -155.10963693
112  19.54708080 -155.10955447  19.54700983 -155.10950325
112  19.54691913 -155.10934144  19.54691676 -155.10929123
112  19.54694042 -155.10913056  19.54695067 -155.10909457
112  19.54695056 -155.10900777  19.54694034 -155.10897402
111  19.54692444 -155.10894028
111  19.54689491 -155.10892944
111  19.54689832 -155.10891498
112  19.54697214 -155.10892221  19.54699258 -155.10892100
111  19.54702097 -155.10890534
111  19.54703573 -155.10892221
112  19.54699371 -155.10902705  19.54698008 -155.10908609
112  19.54695150 -155.10918380  19.54694559 -155.10921379
112  19.54694099 -155.10934350  19.54694822 -155.10937488
112  19.54706044 -155.10950678  19.54711407 -155.10954862
112  19.54730387 -155.10959816  19.54739378 -155.10959716
112  19.54760338 -155.10958590  19.54765069 -155.10959511
112  19.54774848 -155.10964030  19.54778476 -155.10966624
112  19.54797849 -155.10980440  19.54805004 -155.10985501
111  19.54826353 -155.10998396
112  19.54829157 -155.10998967  19.54830602 -155.10997921
112  19.54834217 -155.10991993  19.54835137 -155.10990598
111  19.54838527 -155.10981398
111  19.54840420 -155.10982904
111  19.54837029 -155.10990854
112  19.54837344 -155.10994285  19.54838449 -155.10994537
113  19.54839789 -155.10992193
112  19.54828720 -155.11005188  19.54826365 -155.11002805
112  19.54825325 -155.11003677  19.54824996 -155.11003909
112  19.54823079 -155.11003909  19.54822258 -155.11003444
112  19.54819793 -155.11005478  19.54818753 -155.11007396
112  19.54820396 -155.11008326  19.54820943 -155.11008791
112  19.54821108 -155.11010883  19.54820998 -155.11011580
112  19.54823901 -155.11014312  19.54826091 -155.11015358
113  19.54827515 -155.11012859
110 3 0.00 0.0000 New Taxiway 5
111  19.54706415 -155.10954151
112  19.54700698 -155.10949129  19.54697740 -155.10946340
112  19.54690774 -155.10935391  19.54687817 -155.10930091
112  19.54686535 -155.10920257  19.54686081 -155.10918570
112  19.54687557 -155.10906158  19.54687557 -155.10903386
112  19.54686422 -155.10901097  19.54685967 -155.10899892
112  19.54685740 -155.10896759  19.54685513 -155.10894951
112  19.54683469 -155.10894589  19.54682901 -155.10894107
112  19.54679267 -155.10890251  19.54678359 -155.10887962
111  19.54675179 -155.10886998
112  19.54629705 -155.10882991  19.54625052 -155.10881903
111  19.54625919 -155.10878890
112  19.54639405 -155.10843910  19.54641297 -155.10839140
111  19.54648395 -155.10841818
112  19.54720353 -155.10863666  19.54728757 -155.10865835
111  19.54727167 -155.10881139
112  19.54725123 -155.10907891  19.54724668 -155.10910663
111  19.54721602 -155.10911627
111  19.54699912 -155.10913193
112  19.54697982 -155.10915242  19.54697414 -155.10916206
112  19.54696619 -155.10930185  19.54696732 -155.10935246
112  19.54702070 -155.10942838  19.54703660 -155.10945489
113  19.54708883 -155.10952960
130 Airport Boundary
111  19.54591539 -155.10990895
111  19.54559628 -155.10998005
111  19.54556676 -155.10997282
111  19.54550316 -155.10992703
111  19.54549862 -155.10989208
111  19.54642562 -155.10784469
111  19.54688614 -155.10686066
111  19.54658198 -155.10663855
111  19.54708892 -155.10601038
111  19.54791473 -155.10675481
111  19.54753044 -155.10733786
111  19.54733111 -155.10787391
111  19.54720356 -155.10839242
111  19.54714665 -155.10860065
111  19.54729383 -155.10866312
111  19.54729525 -155.10883815
111  19.54726277 -155.10907170
111  19.54725046 -155.10910785
111  19.54780157 -155.10949620
111  19.54797164 -155.10978947
111  19.54800642 -155.10972879
111  19.54800169 -155.10969465
111  19.54803481 -155.10964444
111  19.54825720 -155.10978704
111  19.54830263 -155.10978302
111  19.54842565 -155.10985231
111  19.54822976 -155.11025239
111  19.54816692 -155.11022264
111  19.54801702 -155.11057114
111  19.54772130 -155.11041062
111  19.54768451 -155.11032386
111  19.54769950 -155.11026168
111  19.54762256 -155.11023368
111  19.54751189 -155.11040110
111  19.54735176 -155.11055353
111  19.54724244 -155.11083914
111  19.54696928 -155.11065923
111  19.54694103 -155.11087912
113  19.54653131 -155.11051829
14  19.54678140 -155.10881799   6.56 0 Tower Viewpoint
1300  19.54690707 -155.10860592 161.89 tie_down turboprops|props|helos Grass Start 1
1301 A none 
1300  19.54669414 -155.10871738 129.57 tie_down turboprops|props|helos Grass Start 2
1301 A none 
19  19.54657361 -155.10836153 0 New Windsock 16
99
