I
1130 Generated by WorldEditor 2.0.0r4

1   1963 0 0 HI25 Kaalaiki Airstrip
1302 city Naalehu
1302 country United States
1302 datum_lat 
1302 datum_lon 
1302 faa_code HI25
1302 iata_code 
1302 icao_code HI25
1302 region_code 
1302 state Hawaii
1302 transition_alt 
1302 transition_level 
100 10.00 1 0 0.25 0 0 0 05  19.12117807 -155.57991512    0    0 0 0 0 0 23  19.12390377 -155.57689088    0    0 0 0 0 0
110 4 0.00 0.0000 New Taxiway 44
111  19.12071120 -155.58055518
112  19.12076259 -155.58054694  19.12077038 -155.58054199
112  19.12081399 -155.58051067  19.12082489 -155.58050243
112  19.12088875 -155.58044309  19.12090121 -155.58042660
112  19.12094793 -155.58036726  19.12096351 -155.58034418
112  19.12094949 -155.58031781  19.12094637 -155.58030627
112  19.12091834 -155.58021890  19.12091834 -155.58019253
112  19.12093391 -155.58014967  19.12093703 -155.58013648
112  19.12097908 -155.58007549  19.12099154 -155.58005736
112  19.12103048 -155.58002439  19.12104449 -155.58000791
112  19.12108966 -155.57997494  19.12109433 -155.57997494
112  19.12113016 -155.57995351  19.12114573 -155.57994197
111  19.12116286 -155.57989582
111  19.12120024 -155.57992878
112  19.12121893 -155.57996010  19.12122983 -155.57996670
112  19.12127188 -155.58004582  19.12128123 -155.58009198
112  19.12116909 -155.58019747  19.12114261 -155.58022385
112  19.12098531 -155.58035407  19.12094949 -155.58038374
112  19.12080620 -155.58058485  19.12077661 -155.58063595
113  19.12074702 -155.58068870
112  19.12122245 -155.58001018  19.12121055 -155.57999644
112  19.12116729 -155.57998614  19.12114566 -155.57998385
112  19.12111754 -155.58004109  19.12110131 -155.58005940
112  19.12101074 -155.58021954  19.12099885 -155.58024604
112  19.12103578 -155.58027585  19.12105455 -155.58028115
112  19.12115470 -155.58019768  19.12119476 -155.58016787
113  19.12123857 -155.58008241
110 4 0.00 0.0000 New Taxiway 43
111  19.12508213 -155.57626525
112  19.12485229 -155.57642266  19.12477193 -155.57647195
111  19.12460143 -155.57656257
112  19.12446548 -155.57658404  19.12438211 -155.57657529
112  19.12425310 -155.57658543  19.12422606 -155.57660833
112  19.12400459 -155.57680942  19.12396998 -155.57686208
111  19.12393104 -155.57692618
111  19.12386290 -155.57687696
112  19.12394294 -155.57677050  19.12397538 -155.57674417
112  19.12408246 -155.57662969  19.12412789 -155.57660680
112  19.12418088 -155.57656101  19.12420684 -155.57654269
112  19.12430094 -155.57652896  19.12434961 -155.57653811
112  19.12452120 -155.57654359  19.12457415 -155.57652546
112  19.12488409 -155.57637050  19.12491991 -155.57633424
112  19.12498221 -155.57628643  19.12496664 -155.57628314
112  19.12489032 -155.57624357  19.12486384 -155.57622544
112  19.12482802 -155.57616774  19.12481400 -155.57614961
112  19.12479064 -155.57611664  19.12478753 -155.57609521
112  19.12481400 -155.57608862  19.12483425 -155.57608697
112  19.12487475 -155.57609356  19.12488876 -155.57611994
112  19.12500713 -155.57623039  19.12502894 -155.57623203
113  19.12504295 -155.57622709
130 Airport Boundary 42
111  19.12509347 -155.57629518
111  19.12478665 -155.57649629
111  19.12450475 -155.57666443
111  19.12428514 -155.57683257
111  19.12388397 -155.57726775
111  19.12328973 -155.57796164
111  19.12309596 -155.57818382
111  19.12296354 -155.57830687
111  19.12262878 -155.57862126
111  19.12216005 -155.57912686
111  19.12167337 -155.57968943
111  19.12120962 -155.58020176
111  19.12102646 -155.58041341
111  19.12121498 -155.58075643
111  19.12115984 -155.58103172
111  19.12091874 -155.58116821
111  19.12074306 -155.58064599
111  19.12071502 -155.58053917
111  19.12041346 -155.58019856
111  19.12064895 -155.57998967
111  19.12056373 -155.57987336
111  19.12072745 -155.57973569
111  19.12091808 -155.57997926
111  19.12133549 -155.57955726
111  19.12175334 -155.57914476
111  19.12233646 -155.57851573
111  19.12327736 -155.57746282
111  19.12364251 -155.57704612
111  19.12425075 -155.57633685
111  19.12467597 -155.57608334
113  19.12484014 -155.57599788
14  19.12096803 -155.58006491   6.56 0 Tower Viewpoint
1300  19.12108196 -155.58018521  66.80 misc props|helos Ramp Start
1301 A none 
19  19.12132238 -155.57998895 0 Windsock
99
