I
1130 Generated by WorldEditor 2.0.0r4

1     20 1 0 PHJR Kalaeloa
1302 city Kapolei
1302 country United States
1302 datum_lat 21.307352778
1302 datum_lon -158.070302778
1302 faa_code JRF
1302 iata_code JRF
1302 icao_code PHJR
1302 region_code PH
1302 state Hawaii
1302 transition_alt 18000
1302 transition_level 18000
100 60.96 1 0 1.00 0 3 0 04R  21.29987372 -158.07946622    0    0 2 9 0 0 22L  21.31251623 -158.06021445    0   55 2 0 0 0
100 60.96 1 0 0.00 0 2 0 11  21.31047700 -158.08151577    0  290 2 0 0 0 29  21.30264126 -158.06598113    0  427 2 0 0 0
100 60.96 1 0 0.00 0 2 0 04L  21.30683800 -158.07205683    0  119 2 0 0 0 22R  21.31394012 -158.06122763    0   50 2 0 0 0
102 H1  21.30264213 -158.06379379 295.12 24.70 25.00 3 0 0 0.25 0
110 2 1.00 118.4300 New Taxiway 23
111  21.31215188 -158.08370877
111  21.31229831 -158.08401842
111  21.31162875 -158.08444719
111  21.31148092 -158.08412429
113  21.31206196 -158.08376481
110 1 1.00 54.8200 New Taxiway 9
111  21.31301995 -158.05995353
111  21.31315247 -158.06004960
111  21.31304128 -158.06023480
111  21.31371608 -158.06075748
111  21.31384644 -158.06057228
111  21.31456726 -158.06112377
111  21.31432476 -158.06149870
111  21.31416698 -158.06140373
111  21.31372060 -158.06106890
113  21.31276629 -158.06033980
110 2 1.00 86.0900 New Taxiway 21
111  21.30238059 -158.08417177
111  21.30242775 -158.08355743
111  21.30302938 -158.08360280
113  21.30298873 -158.08421540
110 2 1.00 145.7500 New Taxiway 11
111  21.30140981 -158.07256288
111  21.30030116 -158.07175057
111  21.30046588 -158.07149681
113  21.30157277 -158.07230852
110 2 1.00 163.6000 New Taxiway 13
111  21.30142454 -158.07080171
111  21.30134680 -158.07108780
111  21.30116220 -158.07102769
111  21.30104391 -158.07098918
111  21.30112165 -158.07070743
113  21.30123888 -158.07074392
110 1 1.00 54.8200 New Taxiway 1
111  21.30053784 -158.08109488
111  21.30085209 -158.08060683
111  21.30079257 -158.08056340 53 102
112  21.30104730 -158.08045863  21.30113777 -158.08032576 53 102
111  21.30496030 -158.07456165 53 102
112  21.30483460 -158.07405009  21.30455963 -158.07391798 53 102
111  21.30422083 -158.07375179 53 102
112  21.30391810 -158.07383921  21.30381335 -158.07392072
111  21.30302246 -158.07419336
112  21.30297263 -158.07393207  21.30285279 -158.07378808
111  21.30232556 -158.07317974 53 102
112  21.30157071 -158.07326058  21.30117528 -158.07300199
111  21.29979672 -158.07200096
112  21.29969244 -158.07174967  21.29975540 -158.07163352
111  21.29982230 -158.07153216
111  21.29969637 -158.07143713
111  21.29965202 -158.07134787
111  21.29968052 -158.07126581
111  21.29973237 -158.07132456
111  21.29987640 -158.07108958
111  21.29984471 -158.07105557
111  21.29998010 -158.07079895
111  21.29986200 -158.07072475
111  21.29986488 -158.07067837
111  21.29994265 -158.07070001
111  21.30053032 -158.06984584
111  21.30111940 -158.07025372
112  21.30126525 -158.07053824  21.30124361 -158.07069874 53
111  21.30123888 -158.07074392
111  21.30112165 -158.07070743
111  21.30104391 -158.07098918
111  21.30116220 -158.07102769 53
112  21.30112737 -158.07133929  21.30114705 -158.07139209 53
112  21.30126903 -158.07157159  21.30132216 -158.07161171 53 102
111  21.30184044 -158.07199838
111  21.30209085 -158.07165107
112  21.30208597 -158.07158301  21.30205996 -158.07156032
112  21.30203719 -158.07158301  21.30202744 -158.07159697
111  21.30202581 -158.07160046
112  21.30192337 -158.07148353  21.30189573 -158.07140674
111  21.30191361 -158.07133867
112  21.30215905 -158.07115837  21.30218285 -158.07101016
111  21.30209001 -158.07089518
111  21.30178334 -158.07029935
111  21.30200856 -158.07024313
112  21.30178073 -158.06996487  21.30163669 -158.06990584
111  21.30146622 -158.06983252
112  21.30137842 -158.06985346  21.30136541 -158.06987964
111  21.30131988 -158.07005766
111  21.30115890 -158.07008384
111  21.30125484 -158.06976097
111  21.30093130 -158.06961781
111  21.30076800 -158.06984166
111  21.30074242 -158.06980787
112  21.30075226 -158.06973396  21.30074439 -158.06972129
111  21.30069520 -158.06970229
111  21.30068536 -158.06974874
111  21.30060076 -158.06970229
111  21.30061256 -158.06966216
112  21.30055354 -158.06969384  21.30052206 -158.06973819
111  21.30001003 -158.07050314
111  21.29995386 -158.07046665
111  21.29998490 -158.07028419
111  21.30024064 -158.06991610
111  21.30018003 -158.06977648
111  21.30036906 -158.06950283
112  21.30044681 -158.06950045  21.30047124 -158.06950760
111  21.30053010 -158.06953502
111  21.30054232 -158.06948614
111  21.30072890 -158.06956243
111  21.30072779 -158.06960058
112  21.30076111 -158.06963634  21.30079221 -158.06965064
112  21.30082775 -158.06964230  21.30084218 -158.06960773
111  21.30084684 -158.06956171
111  21.30039599 -158.06938560
112  21.30028660 -158.06940464  21.30025556 -158.06943637
111  21.30024373 -158.06945223
111  21.30034573 -158.06910160
112  21.30041816 -158.06927930  21.30048320 -158.06931261
111  21.30099023 -158.06954267
111  21.30118616 -158.06916227
112  21.30118173 -158.06891476  21.30120242 -158.06882274
111  21.30153599 -158.06859884
111  21.30201496 -158.06957296
112  21.30197431 -158.06964277  21.30198406 -158.06967593
111  21.30200845 -158.06973876
111  21.30204748 -158.06972480
111  21.30211089 -158.06991677
111  21.30197756 -158.06997262
112  21.30194016 -158.06992725  21.30191902 -158.06992899
111  21.30190601 -158.06994644
111  21.30185886 -158.06990107
111  21.30191414 -158.06983998
111  21.30189463 -158.06979810
111  21.30194992 -158.06976843
111  21.30192390 -158.06970734
112  21.30185398 -158.06967418  21.30181658 -158.06969164
111  21.30176455 -158.06975446
111  21.30174341 -158.06983300
111  21.30195942 -158.07000065
112  21.30199286 -158.07007865  21.30200896 -158.07011129
111  21.30237778 -158.07085641
111  21.30270675 -158.07066361
111  21.30270025 -158.07083551
111  21.30250763 -158.07110497
111  21.30247301 -158.07119324
111  21.30196130 -158.07194679
112  21.30196917 -158.07205237  21.30200065 -158.07207983 53 102
111  21.30336743 -158.07305385 53 102
112  21.30382532 -158.07297130  21.30401492 -158.07274860
111  21.30426242 -158.07330498 53 102
112  21.30432583 -158.07353013  21.30442502 -158.07358772 53 102
111  21.30498117 -158.07387164 53 102
112  21.30589392 -158.07303569  21.30617182 -158.07266498
111  21.30617299 -158.07360586 53 102
111  21.30144408 -158.08085588
112  21.30156471 -158.08113971  21.30166677 -158.08120444
111  21.30215853 -158.08148329
112  21.30237194 -158.08145341  21.30248792 -158.08136876
111  21.30342950 -158.08069996
111  21.30361474 -158.08091867
111  21.30344019 -158.08164253
112  21.30350346 -158.08175117  21.30356672 -158.08174665
112  21.30364685 -158.08173759  21.30365950 -158.08171043
111  21.30371012 -158.08171043
111  21.30353189 -158.08257212
112  21.30363963 -158.08269455  21.30376004 -158.08271496
111  21.30431456 -158.08276598
111  21.30431139 -158.08285780
111  21.30361111 -158.08274897
112  21.30351288 -158.08278978  21.30349070 -158.08282379
111  21.30347486 -158.08281699
111  21.30311680 -158.08280679
111  21.30302424 -158.08437053
111  21.30232821 -158.08432818
111  21.30232285 -158.08451248
111  21.30198122 -158.08450288
111  21.30201341 -158.08423795
112  21.30199373 -158.08415347  21.30196333 -158.08414196
111  21.30193113 -158.08414196
111  21.30195796 -158.08374264
111  21.30172621 -158.08337661
112  21.30138577 -158.08283413  21.30137792 -158.08240689
111  21.30135856 -158.08170673
111  21.30124516 -158.08162219
113  21.30105121 -158.08147741
111  21.30320597 -158.07392280
111  21.30339858 -158.07361385 53 102
112  21.30331201 -158.07330489  21.30323626 -158.07322823 53 102
111  21.30286618 -158.07297271 53 102
112  21.30270386 -158.07297967  21.30263027 -158.07301917 53 102
111  21.30254370 -158.07305866
112  21.30262811 -158.07333044  21.30269520 -158.07340710
113  21.30308044 -158.07386705
111  21.30140845 -158.07256144
112  21.30136410 -158.07264395  21.30131975 -158.07272645
111  21.30147644 -158.07288194
112  21.30176174 -158.07308661  21.30186965 -158.07315166
111  21.30201008 -158.07307233
112  21.30212982 -158.07300887  21.30224660 -158.07294699
111  21.30215790 -158.07285497
112  21.30193471 -158.07254093  21.30186752 -158.07246593
112  21.30173977 -158.07235843  21.30165759 -158.07229645
111  21.30157277 -158.07230852
111  21.30046588 -158.07149681
113  21.30030116 -158.07175057
111  21.30212049 -158.07152186
112  21.30216928 -158.07152884  21.30218391 -158.07151488
112  21.30217741 -158.07149568  21.30217415 -158.07149394
111  21.30213838 -158.07147299
111  21.30228798 -158.07123040
111  21.30234326 -158.07126356
111  21.30239692 -158.07118502
112  21.30239692 -158.07109427  21.30238066 -158.07104714
111  21.30231562 -158.07088483
112  21.30224570 -158.07086389  21.30221318 -158.07087785
111  21.30219854 -158.07094592
111  21.30225383 -158.07092498
112  21.30228960 -158.07115361  21.30227009 -158.07125832
112  21.30216114 -158.07136827  21.30209610 -158.07140143
111  21.30204244 -158.07141714
114  21.30204082 -158.07146427  21.30206358 -158.07148521
111  21.30220036 -158.07082753
112  21.30220362 -158.07071758  21.30217435 -158.07064427
111  21.30202800 -158.07031616
113  21.30197512 -158.07033683
111  21.30115157 -158.06960213
111  21.30165060 -158.06981906
111  21.30173288 -158.06969236
111  21.30150769 -158.06918083
111  21.30135112 -158.06882986
112  21.30127420 -158.06892009  21.30125453 -158.06899496
114  21.30125990 -158.06925413  21.30121697 -158.06935972
111  21.30148157 -158.08284571
112  21.30174868 -158.08327294  21.30196080 -158.08339099
111  21.30228815 -158.08317175
111  21.30305806 -158.08234820
111  21.30262411 -158.08156671
112  21.30206465 -158.08192955  21.30186467 -158.08206754
113  21.30146471 -158.08179924
111  21.30298873 -158.08421540
111  21.30302938 -158.08360280
111  21.30242775 -158.08355743
113  21.30238059 -158.08417177
110 2 1.00 54.8200 New Taxiway 18
112  21.30009793 -158.07963508  21.29994483 -158.07986784 53 102
111  21.30013570 -158.08007836 53 102
111  21.30079257 -158.08056340
111  21.30085209 -158.08060683
111  21.30053784 -158.08109488
111  21.30124516 -158.08162219
111  21.30102071 -158.08199754
111  21.30033053 -158.08152605
111  21.30045623 -158.08132086
111  21.29959728 -158.08069969
111  21.29946634 -158.08090206
111  21.29875666 -158.08037365
111  21.29900020 -158.07998858
111  21.29912021 -158.08007219
113  21.29965222 -158.07929186
110 2 1.00 138.6500 New Taxiway 5
111  21.31983352 -158.05791549
111  21.32011686 -158.05756916
111  21.32169772 -158.05908333
113  21.32141438 -158.05942879
110 2 1.00 138.6500 New Taxiway 5
111  21.31915488 -158.05869748
111  21.31943822 -158.05835115
111  21.32223183 -158.06099091
113  21.32194849 -158.06133637
110 2 1.00 138.6500 New Taxiway 5
111  21.31849694 -158.05952598
111  21.31878029 -158.05917964
111  21.32157390 -158.06181940
113  21.32129055 -158.06216486
110 1 1.00 54.8200 New Taxiway 2
111  21.30697364 -158.07404280
111  21.30694540 -158.07394094
111  21.30761894 -158.07274630
111  21.30800063 -158.07229858 53 102
112  21.30933401 -158.07028965  21.30945305 -158.07009915 53 102
111  21.30930310 -158.06991992 53 102
112  21.30901525 -158.06969691  21.30890055 -158.06962489 53 102
111  21.30870144 -158.06972246
112  21.30826142 -158.06942344  21.30829094 -158.06923784 53 102
111  21.30813911 -158.06909751 53 102
112  21.30762036 -158.06866745  21.30745165 -158.06853617 53 102
111  21.30726608 -158.06871272
111  21.30709738 -158.06812874
112  21.30765573 -158.06811509  21.30760820 -158.06837698 53 102
111  21.30772861 -158.06847561 53 102
112  21.30827362 -158.06890076  21.30843206 -158.06900619 53 102
111  21.30853784 -158.06897933
112  21.30900834 -158.06923982  21.30898299 -158.06934866 53 102
111  21.30909073 -158.06945410 53 102
112  21.30945513 -158.06973300  21.30956920 -158.06982483 53 102
111  21.30974665 -158.06965817 53 102
112  21.31128182 -158.06715756  21.31132016 -158.06707113 53 102
111  21.31127032 -158.06701763 53 102
112  21.31081406 -158.06663489  21.31076421 -158.06662254 53 102
111  21.31071820 -158.06664724
111  21.31067219 -158.06641677
112  21.31097509 -158.06624392  21.31097892 -158.06633857 53 102
111  21.31102877 -158.06640854 53 102
112  21.31145052 -158.06673366  21.31153104 -158.06678305 53 102
111  21.31161155 -158.06662254 53 102
112  21.31308588 -158.06445846  21.31318289 -158.06430454 53 102
111  21.31307323 -158.06420495 53 102
112  21.31265013 -158.06391722  21.31260576 -158.06388661 53 102
111  21.31250120 -158.06391042
111  21.31244422 -158.06355224
112  21.31275626 -158.06351423  21.31274476 -158.06361712 53 102
111  21.31282911 -158.06366651 53 102
112  21.31320473 -158.06393138  21.31334276 -158.06402604 53 102
111  21.31345723 -158.06392095 53 102
112  21.31444136 -158.06241319  21.31451037 -158.06230207 53 102
111  21.31437001 -158.06218684 53 102
112  21.31397168 -158.06191327  21.31388733 -158.06186388 53 102
111  21.31379915 -158.06194619
111  21.31347325 -158.06197912
112  21.31338940 -158.06160518  21.31340624 -158.06153890 53 102
111  21.31334449 -158.06148467 53 102
112  21.31266525 -158.06098454  21.31255859 -158.06090621 53 102
111  21.31230037 -158.06104480
111  21.31276629 -158.06033980
111  21.31372060 -158.06106890
111  21.31416698 -158.06140373
111  21.31432476 -158.06149870 53 102
111  21.31442172 -158.06155706
111  21.31456218 -158.06145739
112  21.31639231 -158.05853989  21.31666885 -158.05813791
111  21.31706521 -158.05834594
112  21.31745298 -158.05860800  21.31748446 -158.05863335
111  21.31757693 -158.05862701
112  21.31875023 -158.05720409  21.31907919 -158.05679664
111  21.31955031 -158.05729708
111  21.32015657 -158.05664026
112  21.32131296 -158.05773696  21.32171714 -158.05799608
111  21.32248653 -158.05785003
111  21.32376863 -158.05908882
111  21.32138088 -158.06267421
111  21.32091422 -158.06265566
111  21.31908686 -158.06088350
111  21.31899774 -158.06079707
111  21.31787055 -158.05970392
112  21.31740210 -158.05941697  21.31724091 -158.05944097
111  21.31716876 -158.05949328
111  21.31584096 -158.06112161
111  21.31558618 -158.06211850
111  21.31580808 -158.06253314
111  21.31666284 -158.06326537
111  21.31775594 -158.06254196
111  21.31899774 -158.06079707
111  21.31908686 -158.06088350
111  21.31784127 -158.06267833
111  21.31883350 -158.06426407
111  21.31687653 -158.06547089
111  21.31657159 -158.06505257
111  21.31651260 -158.06497165
111  21.31632608 -158.06471578
111  21.31585788 -158.06413937
111  21.31647716 -158.06353700
111  21.31603798 -158.06302442
111  21.31567548 -158.06275129
111  21.31509688 -158.06351081
111  21.31491847 -158.06334111
111  21.31533617 -158.06268558
111  21.31526127 -158.06262374
111  21.31539378 -158.06218157
111  21.31508843 -158.06200841 53 102
112  21.31225832 -158.06609669  21.31219811 -158.06618440 53
111  21.31230363 -158.06625009
111  21.31243408 -158.06632618
111  21.31331740 -158.06684137
111  21.31310879 -158.06730142
111  21.31274629 -158.06710312
111  21.31288894 -158.06682846
112  21.31234870 -158.06646606  21.31214858 -158.06633408
111  21.31234870 -158.06646606
112  21.31234870 -158.06646606  21.31234908 -158.06646462
112  21.31221649 -158.06638104  21.31219612 -158.06636918
111  21.31221649 -158.06638104
112  21.31221649 -158.06638104  21.31213120 -158.06633138 53
111  21.31207707 -158.06638478 53 102
111  21.31003632 -158.06960239
111  21.30798432 -158.07271630
111  21.30771982 -158.07294679
113  21.30707880 -158.07416123
111  21.31484659 -158.06132146
111  21.31488110 -158.06146962
111  21.31490410 -158.06147785
111  21.31532585 -158.06140788
111  21.31738585 -158.05885623
112  21.31737635 -158.05876099  21.31734466 -158.05872698
111  21.31693907 -158.05845827
114  21.31655249 -158.05860793  21.31643208 -158.05876099
111  21.31776478 -158.05875916
112  21.31844172 -158.05865712  21.31865489 -158.05838191
111  21.31938413 -158.05748314
111  21.31919626 -158.05729794
114  21.31892404 -158.05735556  21.31883202 -158.05745845
111  21.32129055 -158.06216486
111  21.32157390 -158.06181940
111  21.31878029 -158.05917964
113  21.31849694 -158.05952598
111  21.32194849 -158.06133637
111  21.32223183 -158.06099091
111  21.31943822 -158.05835115
113  21.31915488 -158.05869748
111  21.32141438 -158.05942879
111  21.32169772 -158.05908333
111  21.32011686 -158.05756916
113  21.31983352 -158.05791549
110 2 1.00 118.4300 New Taxiway 24
111  21.31241487 -158.07998272
111  21.31180754 -158.07887359
111  21.31145327 -158.07913616
111  21.31056286 -158.07761751
111  21.31100174 -158.07732719
111  21.31031791 -158.07609470
111  21.31342693 -158.07408167
111  21.31411472 -158.07529626
111  21.31349049 -158.07567720
111  21.31427480 -158.07707443
111  21.31456120 -158.07689359
111  21.31483664 -158.07739744
111  21.31456586 -158.07758915
113  21.31495475 -158.07830342
110 2 1.00 118.4300 New Taxiway 26
111  21.30884442 -158.07290821
111  21.30896995 -158.07282225
111  21.30895263 -158.07278508
111  21.31004116 -158.07109496
111  21.31171798 -158.07396446
113  21.31005441 -158.07503585
110 1 1.00 118.4300 New Taxiway 22
111  21.30104970 -158.06222204 53
111  21.30241008 -158.06141131 53 102
111  21.30620075 -158.06934103
111  21.30651940 -158.06986186 53 102
112  21.30654301 -158.07004982  21.30658040 -158.07012584 53 102
111  21.30690311 -158.07081658 53 102
112  21.30727548 -158.07091257  21.30753889 -158.07079913
111  21.30738632 -158.07174723 53 102
112  21.30745851 -158.07196688  21.30749983 -158.07204290 53 102
111  21.30763952 -158.07231111 53 102
112  21.30800237 -158.07229541  21.30819587 -158.07204059
111  21.30798432 -158.07271630
111  21.31003632 -158.06960239
112  21.31017823 -158.06993560  21.31033787 -158.06998161
111  21.31040030 -158.06998621
111  21.31045505 -158.06974600
111  21.31189282 -158.07012542
112  21.31198688 -158.07005763  21.31200570 -158.06996819
111  21.31206617 -158.06967104
112  21.31202048 -158.06956719  21.31197882 -158.06956142
111  21.31170333 -158.06948785
111  21.31172080 -158.06940274
111  21.31178557 -158.06940045
111  21.31188001 -158.06895695
111  21.31180525 -158.06888937
111  21.31183091 -158.06883414
111  21.31169518 -158.06873316
111  21.31198638 -158.06833245
111  21.31205604 -158.06839422
111  21.31261132 -158.06750907
112  21.31267852 -158.06751169  21.31268585 -158.06753398
112  21.31281168 -158.06760086  21.31288498 -158.06755103
111  21.31462657 -158.06643068 22
111  21.31651260 -158.06497165
111  21.31657159 -158.06505257 22
111  21.31462704 -158.06657644
111  21.31386017 -158.07000965
111  21.31325790 -158.07038748
111  21.31369652 -158.07136533
111  21.31330295 -158.07164102
111  21.31327934 -158.07156499
111  21.31292519 -158.07175084
112  21.31290551 -158.07184377  21.31292912 -158.07187967
111  21.31654741 -158.07789166
111  21.31645155 -158.07793282
111  21.31627902 -158.07769000
112  21.31617166 -158.07769000  21.31614866 -158.07772292
111  21.31612565 -158.07781758
111  21.31606047 -158.07782170
112  21.31593778 -158.07734429  21.31591861 -158.07727844
111  21.31586877 -158.07720847
112  21.31580742 -158.07723728  21.31580359 -158.07727020
111  21.31579975 -158.07728667
111  21.31500609 -158.07745541
111  21.31497925 -158.07725786
111  21.31574224 -158.07706854
112  21.31579975 -158.07698211  21.31576908 -158.07690803
111  21.31545085 -158.07633184
111  21.31456120 -158.07689359
111  21.31427480 -158.07707443
111  21.31349049 -158.07567720
111  21.31411472 -158.07529626
111  21.31342693 -158.07408167
111  21.31031791 -158.07609470
111  21.31100174 -158.07732719
111  21.31056286 -158.07761751
111  21.31145327 -158.07913616
111  21.31180754 -158.07887359
111  21.31241487 -158.07998272
111  21.31186512 -158.08037135 53 102
111  21.31328670 -158.08287007
111  21.31332114 -158.08293061
111  21.31206196 -158.08376481
111  21.31195240 -158.08382892
111  21.31150833 -158.08344297
111  21.31162240 -158.08319468 53
112  21.31193927 -158.08323890  21.31209454 -158.08314707 53
111  21.31272868 -158.08278149 53
112  21.31277305 -158.08242435  21.31265897 -158.08222027 53
111  21.31167908 -158.08050871
111  21.30919676 -158.07766766
112  21.30921977 -158.07739604  21.30924660 -158.07736312
111  21.30980255 -158.07702154
112  21.30980255 -158.07696803  21.30979489 -158.07694334 53 102
112  21.30923741 -158.07652440  21.30889749 -158.07681505 53 102
111  21.30857805 -158.07712925
111  21.30826908 -158.07739500
111  21.30787391 -158.07769669
111  21.30657804 -158.07870941
112  21.30654348 -158.07886710  21.30655788 -158.07897222
111  21.30660973 -158.07907116
111  21.30666446 -158.07901860
111  21.30682866 -158.07933398
111  21.30652619 -158.07950404
111  21.30646858 -158.07939891
112  21.30654635 -158.07915465  21.30646282 -158.07900933
112  21.30627270 -158.07896913  21.30615459 -158.07904643
111  21.30361474 -158.08091867
111  21.30342950 -158.08069996
111  21.30775557 -158.07749475
111  21.30846064 -158.07689639 53 102
111  21.30923329 -158.07624730 53 102
112  21.30924866 -158.07589015  21.30913631 -158.07565207 53 102
111  21.30729636 -158.07213316
112  21.30716140 -158.07205620  21.30707283 -158.07206978
111  21.30686284 -158.07153528 53 102
112  21.30684066 -158.07121217  21.30675193 -158.07100810 53 102
111  21.30651211 -158.07052061 53 102
112  21.30611210 -158.07048396  21.30589746 -158.07061486
111  21.30606815 -158.06954665 53 102
111  21.30542566 -158.06822967 53 102
112  21.30506364 -158.06813675  21.30487673 -158.06823600 53 102
111  21.30451503 -158.06841504 53 102
112  21.30435566 -158.06877827  21.30439895 -158.06898312
111  21.30404673 -158.06849080
111  21.30406067 -158.06819524 53 102
112  21.30438483 -158.06823265  21.30452076 -158.06816157 53 102
111  21.30501397 -158.06788447 53 102
112  21.30511505 -158.06752158  21.30501397 -158.06730833 53 102
111  21.30356576 -158.06428644 53 102
112  21.30325555 -158.06412557  21.30309521 -158.06420787 53 102
111  21.30254851 -158.06451751 53 102
112  21.30237772 -158.06486169  21.30240212 -158.06502630
111  21.30209539 -158.06458484
111  21.30208145 -158.06425937 53
112  21.30243697 -158.06433045  21.30259382 -158.06424440 53 102
111  21.30315447 -158.06391232 53 102
112  21.30321721 -158.06355691  21.30312658 -158.06337360 53 102
111  21.30253791 -158.06215365 53 102
112  21.30220663 -158.06206399  21.30197618 -158.06219075 53 102
111  21.30126158 -158.06265812
113  21.30094836 -158.06264937
111  21.31005441 -158.07503585
111  21.31171798 -158.07396446
111  21.31004116 -158.07109496
111  21.30895263 -158.07278508
111  21.30896995 -158.07282225
113  21.30884442 -158.07290821
111  21.30797882 -158.07747666
111  21.30798575 -158.07743291
111  21.30796998 -158.07742837
111  21.30796036 -158.07747542
111  21.30792421 -158.07746923
111  21.30791921 -158.07748946
111  21.30795729 -158.07749771
111  21.30795075 -158.07752785
111  21.30797036 -158.07753074
111  21.30797459 -158.07749895
111  21.30800651 -158.07750473
113  21.30801036 -158.07748285
110 5 0.00 0.0000 New Taxiway 1
111  21.30202936 -158.08345005
111  21.30168625 -158.08331141
111  21.30145616 -158.08292581
111  21.30144405 -158.08173868
111  21.30196881 -158.08195098
111  21.30260660 -158.08142674
113  21.30313540 -158.08242756
130 Airport Boundary 1
111  21.32494164 -158.05865511
111  21.31462125 -158.08680469
111  21.29511664 -158.08534675
111  21.30038730 -158.05835126
113  21.31676738 -158.05299854
120 T-LINE
111  21.32224710 -158.06039873 51
111  21.32233201 -158.06028387
111  21.32209203 -158.06025567 51
111  21.32217825 -158.06014319
111  21.32193298 -158.06011259 51
111  21.32202214 -158.05999836
111  21.32177575 -158.05996938 51
111  21.32186413 -158.05985794
111  21.32161864 -158.05982627 51
111  21.32170881 -158.05971390
111  21.32146120 -158.05968286 51
111  21.32155047 -158.05957076
111  21.32130420 -158.05953984 51
111  21.32139370 -158.05942576
111  21.32114543 -158.05939763 51
111  21.32123511 -158.05928507
111  21.32099008 -158.05925371 51
111  21.32107858 -158.05914154
111  21.32083319 -158.05911080 51
111  21.32092040 -158.05899595
111  21.32067597 -158.05896759 51
111  21.32076690 -158.05885599
111  21.32051841 -158.05882407 51
111  21.32060722 -158.05871086
111  21.32036163 -158.05868126 51
111  21.32044968 -158.05856793
111  21.32020418 -158.05853784 51
111  21.32029285 -158.05842413
111  21.32004695 -158.05839462 51
111  21.32013597 -158.05828178
111  21.31989040 -158.05825201 51
111  21.31997794 -158.05813771
111  21.31983748 -158.05820380 51
111  21.31989040 -158.05825201 51
111  21.31994233 -158.05829932
111  21.31999458 -158.05834691 51
111  21.32004695 -158.05839462 51
111  21.32009934 -158.05844233
111  21.32015204 -158.05849034 51
111  21.32020418 -158.05853784 51
111  21.32025776 -158.05858664
111  21.32030937 -158.05863365 51
111  21.32036163 -158.05868126 51
111  21.32041333 -158.05872835
111  21.32046616 -158.05877647 51
111  21.32051841 -158.05882407 51
111  21.32057090 -158.05887188
111  21.32062337 -158.05891968 51
111  21.32067597 -158.05896759 51
111  21.32072846 -158.05901540
111  21.32078072 -158.05906301 51
111  21.32083319 -158.05911080 51
111  21.32088491 -158.05915791
111  21.32093760 -158.05920591 51
111  21.32099008 -158.05925371 51
111  21.32104312 -158.05930203
111  21.32109549 -158.05934973 51
111  21.32114708 -158.05939672 51
111  21.32119946 -158.05944444
111  21.32125227 -158.05949254 51
111  21.32130420 -158.05953984 51
111  21.32135633 -158.05958733
111  21.32140893 -158.05963524 51
111  21.32146120 -158.05968286 51
111  21.32151335 -158.05973036
111  21.32156594 -158.05977827 51
111  21.32161864 -158.05982627 51
111  21.32167101 -158.05987397
111  21.32172338 -158.05992168 51
111  21.32177575 -158.05996938 51
111  21.32182824 -158.06001719
111  21.32188083 -158.06006510 51
111  21.32193298 -158.06011259 51
111  21.32198491 -158.06015990
111  21.32203795 -158.06020822 51
111  21.32209010 -158.06025572 51
111  21.32214302 -158.06030393
111  21.32219496 -158.06035123 51
111  21.32224710 -158.06039873 51
115  21.32229925 -158.06044623
120 T-LINE
111  21.31091347 -158.07452570 51
111  21.31103048 -158.07445084
111  21.31081510 -158.07433381 51
111  21.31093255 -158.07426167
111  21.31071300 -158.07414040 51
111  21.31083377 -158.07406774
111  21.31061266 -158.07394755 51
111  21.31073179 -158.07387719
111  21.31051239 -158.07375485 51
111  21.31063350 -158.07368431
111  21.31041192 -158.07356174 51
111  21.31053209 -158.07349110
111  21.31031172 -158.07336917 51
111  21.31043276 -158.07329677
111  21.31020960 -158.07317666 51
111  21.31033032 -158.07310575
111  21.31011125 -158.07298387 51
111  21.31023073 -158.07291287
111  21.31001112 -158.07279144 51
111  21.31013027 -158.07271746
111  21.30991078 -158.07259859 51
111  21.31003235 -158.07252905
111  21.30981023 -158.07240533 51
111  21.30993034 -158.07233349
111  21.30971017 -158.07221303 51
111  21.30982961 -158.07214079
111  21.30960969 -158.07201991 51
111  21.30972983 -158.07194755
111  21.30950935 -158.07182705 51
111  21.30962953 -158.07175563
111  21.30940944 -158.07163503 51
111  21.30952872 -158.07156169
111  21.30937566 -158.07157011 51
111  21.30940944 -158.07163503 51
111  21.30944258 -158.07169873
111  21.30947593 -158.07176282 51
111  21.30950935 -158.07182705 51
111  21.30954278 -158.07189131
111  21.30957641 -158.07195595 51
111  21.30960969 -158.07201991 51
111  21.30964389 -158.07208563
111  21.30967682 -158.07214893 51
111  21.30971017 -158.07221303 51
111  21.30974317 -158.07227644
111  21.30977689 -158.07234124 51
111  21.30981023 -158.07240533 51
111  21.30984373 -158.07246971
111  21.30987722 -158.07253408 51
111  21.30991078 -158.07259859 51
111  21.30994428 -158.07266297
111  21.30997764 -158.07272707 51
111  21.31001112 -158.07279144 51
111  21.31004413 -158.07285487
111  21.31007776 -158.07291950 51
111  21.31011125 -158.07298387 51
111  21.31014510 -158.07304893
111  21.31017852 -158.07311316 51
111  21.31021145 -158.07317644 51
111  21.31024488 -158.07324070
111  21.31027858 -158.07330546 51
111  21.31031172 -158.07336917 51
111  21.31034499 -158.07343311
111  21.31037856 -158.07349762 51
111  21.31041192 -158.07356174 51
111  21.31044520 -158.07362570
111  21.31047876 -158.07369021 51
111  21.31051239 -158.07375485 51
111  21.31054582 -158.07381908
111  21.31057924 -158.07388332 51
111  21.31061266 -158.07394755 51
111  21.31064616 -158.07401193
111  21.31067972 -158.07407644 51
111  21.31071300 -158.07414040 51
111  21.31074615 -158.07420411
111  21.31078000 -158.07426917 51
111  21.31081328 -158.07433313 51
111  21.31084705 -158.07439804
111  21.31088019 -158.07446174 51
111  21.31091347 -158.07452570 51
115  21.31094675 -158.07458966
120 T-LINE
111  21.31233402 -158.07859070 51
111  21.31245102 -158.07851585
111  21.31223564 -158.07839882 51
111  21.31235309 -158.07832667
111  21.31213355 -158.07820541 51
111  21.31225432 -158.07813274
111  21.31203320 -158.07801256 51
111  21.31215234 -158.07794220
111  21.31193294 -158.07781985 51
111  21.31205404 -158.07774931
111  21.31183246 -158.07762674 51
111  21.31195263 -158.07755610
111  21.31173227 -158.07743417 51
111  21.31185331 -158.07736177
111  21.31163015 -158.07724166 51
111  21.31175086 -158.07717075
111  21.31153179 -158.07704887 51
111  21.31165127 -158.07697788
111  21.31143167 -158.07685644 51
111  21.31155082 -158.07678246
111  21.31133133 -158.07666359 51
111  21.31145290 -158.07659405
111  21.31123078 -158.07647034 51
111  21.31135088 -158.07639849
111  21.31113072 -158.07627804 51
111  21.31125016 -158.07620579
111  21.31103024 -158.07608491 51
111  21.31115038 -158.07601255
111  21.31092989 -158.07589206 51
111  21.31105008 -158.07582063
111  21.31082998 -158.07570003 51
111  21.31094927 -158.07562669
111  21.31079620 -158.07563512 51
111  21.31082998 -158.07570003 51
111  21.31086313 -158.07576373
111  21.31089647 -158.07582782 51
111  21.31092989 -158.07589206 51
111  21.31096332 -158.07595631
111  21.31099696 -158.07602095 51
111  21.31103024 -158.07608491 51
111  21.31106443 -158.07615063
111  21.31109737 -158.07621393 51
111  21.31113072 -158.07627804 51
111  21.31116371 -158.07634144
111  21.31119743 -158.07640625 51
111  21.31123078 -158.07647034 51
111  21.31126427 -158.07653472
111  21.31129776 -158.07659908 51
111  21.31133133 -158.07666359 51
111  21.31136483 -158.07672797
111  21.31139818 -158.07679208 51
111  21.31143167 -158.07685644 51
111  21.31146467 -158.07691987
111  21.31149830 -158.07698451 51
111  21.31153179 -158.07704887 51
111  21.31156564 -158.07711393
111  21.31159906 -158.07717817 51
111  21.31163199 -158.07724145 51
111  21.31166542 -158.07730570
111  21.31169912 -158.07737047 51
111  21.31173227 -158.07743417 51
111  21.31176553 -158.07749811
111  21.31179910 -158.07756262 51
111  21.31183246 -158.07762674 51
111  21.31186574 -158.07769070
111  21.31189931 -158.07775521 51
111  21.31193294 -158.07781985 51
111  21.31196636 -158.07788409
111  21.31199978 -158.07794832 51
111  21.31203320 -158.07801256 51
111  21.31206670 -158.07807694
111  21.31210027 -158.07814145 51
111  21.31213355 -158.07820541 51
111  21.31216669 -158.07826911
111  21.31220054 -158.07833417 51
111  21.31223382 -158.07839813 51
111  21.31226760 -158.07846304
111  21.31230074 -158.07852674 51
111  21.31233402 -158.07859070 51
115  21.31236730 -158.07865466
120 T-LINE
111  21.31341796 -158.07823324 51
111  21.31353497 -158.07815838
111  21.31331959 -158.07804135 51
111  21.31343704 -158.07796920
111  21.31321749 -158.07784794 51
111  21.31333826 -158.07777527
111  21.31311715 -158.07765509 51
111  21.31323628 -158.07758473
111  21.31301688 -158.07746238 51
111  21.31313799 -158.07739184
111  21.31291641 -158.07726928 51
111  21.31303658 -158.07719863
111  21.31281621 -158.07707670 51
111  21.31293725 -158.07700431
111  21.31271409 -158.07688419 51
111  21.31283480 -158.07681329
111  21.31261574 -158.07669140 51
111  21.31273522 -158.07662041
111  21.31251561 -158.07649897 51
111  21.31263476 -158.07642499
111  21.31241527 -158.07630612 51
111  21.31253684 -158.07623658
111  21.31231472 -158.07611287 51
111  21.31243483 -158.07604103
111  21.31221466 -158.07592057 51
111  21.31233410 -158.07584833
111  21.31211418 -158.07572744 51
111  21.31223432 -158.07565509
111  21.31201384 -158.07553459 51
111  21.31213402 -158.07546317
111  21.31191392 -158.07534256 51
111  21.31203321 -158.07526922
111  21.31188015 -158.07527765 51
111  21.31191392 -158.07534256 51
111  21.31194707 -158.07540627
111  21.31198042 -158.07547035 51
111  21.31201384 -158.07553459 51
111  21.31204727 -158.07559884
111  21.31208090 -158.07566348 51
111  21.31211418 -158.07572744 51
111  21.31214838 -158.07579316
111  21.31218131 -158.07585646 51
111  21.31221466 -158.07592057 51
111  21.31224766 -158.07598398
111  21.31228137 -158.07604878 51
111  21.31231472 -158.07611287 51
111  21.31234822 -158.07617725
111  21.31238171 -158.07624161 51
111  21.31241527 -158.07630612 51
111  21.31244877 -158.07637050
111  21.31248212 -158.07643461 51
111  21.31251561 -158.07649897 51
111  21.31254862 -158.07656240
111  21.31258225 -158.07662704 51
111  21.31261574 -158.07669140 51
111  21.31264959 -158.07675646
111  21.31268301 -158.07682070 51
111  21.31271594 -158.07688398 51
111  21.31274936 -158.07694823
111  21.31278307 -158.07701300 51
111  21.31281621 -158.07707670 51
111  21.31284948 -158.07714064
111  21.31288304 -158.07720515 51
111  21.31291641 -158.07726928 51
111  21.31294969 -158.07733324
111  21.31298325 -158.07739775 51
111  21.31301688 -158.07746238 51
111  21.31305031 -158.07752662
111  21.31308373 -158.07759085 51
111  21.31311715 -158.07765509 51
111  21.31315065 -158.07771947
111  21.31318421 -158.07778398 51
111  21.31321749 -158.07784794 51
111  21.31325063 -158.07791164
111  21.31328449 -158.07797670 51
111  21.31331776 -158.07804066 51
111  21.31335154 -158.07810557
111  21.31338468 -158.07816927 51
111  21.31341796 -158.07823324 51
115  21.31345124 -158.07829719
120 T-LINE
111  21.31402989 -158.07758483 51
111  21.31414690 -158.07750997
111  21.31393152 -158.07739294 51
111  21.31404897 -158.07732079
111  21.31382942 -158.07719953 51
111  21.31395019 -158.07712686
111  21.31372908 -158.07700668 51
111  21.31384821 -158.07693632
111  21.31362882 -158.07681398 51
111  21.31374992 -158.07674343
111  21.31352834 -158.07662087 51
111  21.31364851 -158.07655023
111  21.31342814 -158.07642829 51
111  21.31354918 -158.07635590
111  21.31332602 -158.07623578 51
111  21.31344674 -158.07616488
111  21.31322767 -158.07604300 51
111  21.31334715 -158.07597200
111  21.31312755 -158.07585057 51
111  21.31324669 -158.07577658
111  21.31302720 -158.07565772 51
111  21.31314877 -158.07558817
111  21.31292665 -158.07546446 51
111  21.31304676 -158.07539262
111  21.31282660 -158.07527216 51
111  21.31294604 -158.07519992
111  21.31272611 -158.07507903 51
111  21.31284625 -158.07500668
111  21.31262577 -158.07488618 51
111  21.31274595 -158.07481476
111  21.31252586 -158.07469416 51
111  21.31264514 -158.07462082
111  21.31249208 -158.07462924 51
111  21.31252586 -158.07469416 51
111  21.31255900 -158.07475786
111  21.31259235 -158.07482195 51
111  21.31262577 -158.07488618 51
111  21.31265920 -158.07495043
111  21.31269283 -158.07501507 51
111  21.31272611 -158.07507903 51
111  21.31276031 -158.07514476
111  21.31279324 -158.07520805 51
111  21.31282660 -158.07527216 51
111  21.31285959 -158.07533557
111  21.31289331 -158.07540037 51
111  21.31292665 -158.07546446 51
111  21.31296015 -158.07552884
111  21.31299364 -158.07559320 51
111  21.31302720 -158.07565772 51
111  21.31306070 -158.07572210
111  21.31309406 -158.07578620 51
111  21.31312755 -158.07585057 51
111  21.31316055 -158.07591399
111  21.31319418 -158.07597863 51
111  21.31322767 -158.07604300 51
111  21.31326152 -158.07610806
111  21.31329494 -158.07617229 51
111  21.31332787 -158.07623557 51
111  21.31336130 -158.07629982
111  21.31339500 -158.07636459 51
111  21.31342814 -158.07642829 51
111  21.31346141 -158.07649223
111  21.31349498 -158.07655675 51
111  21.31352834 -158.07662087 51
111  21.31356162 -158.07668483
111  21.31359518 -158.07674934 51
111  21.31362882 -158.07681398 51
111  21.31366224 -158.07687821
111  21.31369566 -158.07694245 51
111  21.31372908 -158.07700668 51
111  21.31376258 -158.07707106
111  21.31379614 -158.07713557 51
111  21.31382942 -158.07719953 51
111  21.31386257 -158.07726323
111  21.31389642 -158.07732829 51
111  21.31392970 -158.07739225 51
111  21.31396347 -158.07745717
111  21.31399662 -158.07752087 51
111  21.31402989 -158.07758483 51
115  21.31406317 -158.07764879
120 T-LINE
111  21.31290300 -158.07460861 51
111  21.31278508 -158.07468180
111  21.31299899 -158.07480188 51
111  21.31288066 -158.07487235
111  21.31309869 -158.07499673 51
111  21.31297703 -158.07506767
111  21.31319664 -158.07519099 51
111  21.31307665 -158.07525964
111  21.31329452 -158.07538510 51
111  21.31317256 -158.07545391
111  21.31339261 -158.07557962 51
111  21.31327157 -158.07564855
111  21.31349042 -158.07577361 51
111  21.31336849 -158.07584427
111  21.31359015 -158.07596755 51
111  21.31346857 -158.07603673
111  21.31368611 -158.07616172 51
111  21.31356577 -158.07623101
111  21.31378385 -158.07635556 51
111  21.31366380 -158.07642784
111  21.31388180 -158.07654982 51
111  21.31375939 -158.07661762
111  21.31397996 -158.07674449 51
111  21.31385898 -158.07681461
111  21.31407763 -158.07693820 51
111  21.31395731 -158.07700873
111  21.31417572 -158.07713273 51
111  21.31405470 -158.07720337
111  21.31427368 -158.07732700 51
111  21.31415262 -158.07739670
111  21.31437121 -158.07752043 51
111  21.31425103 -158.07759206
111  21.31440418 -158.07758582 51
111  21.31437121 -158.07752043 51
111  21.31433885 -158.07745626
111  21.31430630 -158.07739170 51
111  21.31427368 -158.07732700 51
111  21.31424104 -158.07726227
111  21.31420821 -158.07719716 51
111  21.31417572 -158.07713273 51
111  21.31414234 -158.07706653
111  21.31411019 -158.07700277 51
111  21.31407763 -158.07693820 51
111  21.31404543 -158.07687432
111  21.31401251 -158.07680905 51
111  21.31397996 -158.07674449 51
111  21.31394726 -158.07667964
111  21.31391457 -158.07661480 51
111  21.31388180 -158.07654982 51
111  21.31384910 -158.07648497
111  21.31381654 -158.07642039 51
111  21.31378385 -158.07635556 51
111  21.31375164 -158.07629167
111  21.31371881 -158.07622656 51
111  21.31368611 -158.07616172 51
111  21.31365307 -158.07609618
111  21.31362044 -158.07603148 51
111  21.31358830 -158.07596774 51
111  21.31355567 -158.07590301
111  21.31352277 -158.07583777 51
111  21.31349042 -158.07577361 51
111  21.31345794 -158.07570920
111  21.31342517 -158.07564421 51
111  21.31339261 -158.07557962 51
111  21.31336012 -158.07551519
111  21.31332735 -158.07545021 51
111  21.31329452 -158.07538510 51
111  21.31326190 -158.07532040
111  21.31322927 -158.07525569 51
111  21.31319664 -158.07519099 51
111  21.31316394 -158.07512614
111  21.31313118 -158.07506115 51
111  21.31309869 -158.07499673 51
111  21.31306634 -158.07493256
111  21.31303329 -158.07486702 51
111  21.31300081 -158.07480260 51
111  21.31296784 -158.07473721
111  21.31293548 -158.07467304 51
111  21.31290300 -158.07460861 51
115  21.31287051 -158.07454419
120 T-LINE
111  21.31172339 -158.07532205 51
111  21.31160547 -158.07539523
111  21.31181938 -158.07551531 51
111  21.31170105 -158.07558578
111  21.31191908 -158.07571016 51
111  21.31179742 -158.07578110
111  21.31201703 -158.07590442 51
111  21.31189704 -158.07597308
111  21.31211491 -158.07609853 51
111  21.31199295 -158.07616735
111  21.31221299 -158.07629305 51
111  21.31209196 -158.07636198
111  21.31231081 -158.07648704 51
111  21.31218888 -158.07655771
111  21.31241054 -158.07668098 51
111  21.31228896 -158.07675016
111  21.31250650 -158.07687515 51
111  21.31238615 -158.07694444
111  21.31260424 -158.07706899 51
111  21.31248419 -158.07714127
111  21.31270219 -158.07726325 51
111  21.31257978 -158.07733106
111  21.31280035 -158.07745792 51
111  21.31267937 -158.07752805
111  21.31289802 -158.07765163 51
111  21.31277770 -158.07772217
111  21.31299612 -158.07784617 51
111  21.31287509 -158.07791681
111  21.31309407 -158.07804043 51
111  21.31297301 -158.07811014
111  21.31319160 -158.07823386 51
111  21.31307142 -158.07830550
111  21.31322457 -158.07829925 51
111  21.31319160 -158.07823386 51
111  21.31315925 -158.07816969
111  21.31312669 -158.07810513 51
111  21.31309407 -158.07804043 51
111  21.31306143 -158.07797571
111  21.31302860 -158.07791059 51
111  21.31299612 -158.07784617 51
111  21.31296273 -158.07777996
111  21.31293058 -158.07771620 51
111  21.31289802 -158.07765163 51
111  21.31286582 -158.07758775
111  21.31283290 -158.07752248 51
111  21.31280035 -158.07745792 51
111  21.31276765 -158.07739307
111  21.31273496 -158.07732823 51
111  21.31270219 -158.07726325 51
111  21.31266949 -158.07719840
111  21.31263693 -158.07713383 51
111  21.31260424 -158.07706899 51
111  21.31257203 -158.07700510
111  21.31253920 -158.07693999 51
111  21.31250650 -158.07687515 51
111  21.31247346 -158.07680962
111  21.31244083 -158.07674491 51
111  21.31240869 -158.07668117 51
111  21.31237606 -158.07661645
111  21.31234316 -158.07655120 51
111  21.31231081 -158.07648704 51
111  21.31227833 -158.07642263
111  21.31224556 -158.07635765 51
111  21.31221299 -158.07629305 51
111  21.31218051 -158.07622863
111  21.31214774 -158.07616365 51
111  21.31211491 -158.07609853 51
111  21.31208229 -158.07603383
111  21.31204966 -158.07596912 51
111  21.31201703 -158.07590442 51
111  21.31198433 -158.07583957
111  21.31195157 -158.07577459 51
111  21.31191908 -158.07571016 51
111  21.31188673 -158.07564599
111  21.31185368 -158.07558046 51
111  21.31182120 -158.07551603 51
111  21.31178823 -158.07545064
111  21.31175587 -158.07538647 51
111  21.31172339 -158.07532205 51
115  21.31169090 -158.07525762
120 T-LINE
111  21.31982637 -158.05848636 51
111  21.31974005 -158.05860000
111  21.31997967 -158.05863163 51
111  21.31989207 -158.05874287
111  21.32013695 -158.05877696 51
111  21.32004639 -158.05888991
111  21.32029240 -158.05892242 51
111  21.32020266 -158.05903258
111  21.32044774 -158.05906776 51
111  21.32035619 -158.05917882
111  21.32060340 -158.05921341 51
111  21.32051277 -158.05932422
111  21.32075863 -158.05935865 51
111  21.32066774 -158.05947144
111  21.32091564 -158.05950313 51
111  21.32082459 -158.05961439
111  21.32106921 -158.05964925 51
111  21.32097934 -158.05976015
111  21.32122432 -158.05979439 51
111  21.32113572 -158.05990798
111  21.32137978 -158.05993984 51
111  21.32128748 -158.06005013
111  21.32153556 -158.06008560 51
111  21.32144537 -158.06019752
111  21.32169057 -158.06023064 51
111  21.32160113 -158.06034270
111  21.32184625 -158.06037630 51
111  21.32175619 -158.06048872
111  21.32200170 -158.06052175 51
111  21.32191130 -158.06063331
111  21.32215649 -158.06066658 51
111  21.32206755 -158.06077962
111  21.32220882 -158.06071554 51
111  21.32215649 -158.06066658 51
111  21.32210514 -158.06061853
111  21.32205348 -158.06057020 51
111  21.32200170 -158.06052175 51
111  21.32194991 -158.06047329
111  21.32189780 -158.06042454 51
111  21.32184625 -158.06037630 51
111  21.32179327 -158.06032673
111  21.32174224 -158.06027899 51
111  21.32169057 -158.06023064 51
111  21.32163946 -158.06018281
111  21.32158722 -158.06013393 51
111  21.32153556 -158.06008560 51
111  21.32148366 -158.06003704
111  21.32143178 -158.05998849 51
111  21.32137978 -158.05993984 51
111  21.32132788 -158.05989128
111  21.32127621 -158.05984293 51
111  21.32122432 -158.05979439 51
111  21.32117320 -158.05974655
111  21.32112109 -158.05969780 51
111  21.32106921 -158.05964925 51
111  21.32101677 -158.05960018
111  21.32096499 -158.05955173 51
111  21.32091398 -158.05950401 51
111  21.32086219 -158.05945554
111  21.32080998 -158.05940670 51
111  21.32075863 -158.05935865 51
111  21.32070709 -158.05931042
111  21.32065509 -158.05926177 51
111  21.32060340 -158.05921341 51
111  21.32055184 -158.05916517
111  21.32049984 -158.05911651 51
111  21.32044774 -158.05906776 51
111  21.32039596 -158.05901931
111  21.32034418 -158.05897086 51
111  21.32029240 -158.05892242 51
111  21.32024050 -158.05887386
111  21.32018850 -158.05882520 51
111  21.32013695 -158.05877696 51
111  21.32008560 -158.05872892
111  21.32003316 -158.05867985 51
111  21.31998160 -158.05863161 51
111  21.31992927 -158.05858265
111  21.31987792 -158.05853460 51
111  21.31982637 -158.05848636 51
115  21.31977481 -158.05843812
120 T-LINE
111  21.30927293 -158.07182907 51
111  21.30915501 -158.07190225
111  21.30936893 -158.07202234 51
111  21.30925059 -158.07209281
111  21.30946862 -158.07221718 51
111  21.30934697 -158.07228812
111  21.30956658 -158.07241144 51
111  21.30944659 -158.07248010
111  21.30966445 -158.07260556 51
111  21.30954249 -158.07267437
111  21.30976254 -158.07280008 51
111  21.30964150 -158.07286900
111  21.30986035 -158.07299406 51
111  21.30973842 -158.07306473
111  21.30996008 -158.07318800 51
111  21.30983850 -158.07325719
111  21.31005605 -158.07338218 51
111  21.30993570 -158.07345147
111  21.31015378 -158.07357601 51
111  21.31003373 -158.07364829
111  21.31025174 -158.07377027 51
111  21.31012932 -158.07383808
111  21.31034989 -158.07396494 51
111  21.31022891 -158.07403507
111  21.31044757 -158.07415865 51
111  21.31032725 -158.07422919
111  21.31054566 -158.07435319 51
111  21.31042463 -158.07442383
111  21.31064361 -158.07454745 51
111  21.31052255 -158.07461716
111  21.31074114 -158.07474088 51
111  21.31062096 -158.07481252
111  21.31077411 -158.07480627 51
111  21.31074114 -158.07474088 51
111  21.31070879 -158.07467671
111  21.31067623 -158.07461216 51
111  21.31064361 -158.07454745 51
111  21.31061097 -158.07448273
111  21.31057814 -158.07441762 51
111  21.31054566 -158.07435319 51
111  21.31051228 -158.07428698
111  21.31048013 -158.07422323 51
111  21.31044757 -158.07415865 51
111  21.31041536 -158.07409478
111  21.31038244 -158.07402950 51
111  21.31034989 -158.07396494 51
111  21.31031719 -158.07390009
111  21.31028450 -158.07383526 51
111  21.31025174 -158.07377027 51
111  21.31021903 -158.07370542
111  21.31018647 -158.07364085 51
111  21.31015378 -158.07357601 51
111  21.31012157 -158.07351212
111  21.31008874 -158.07344701 51
111  21.31005605 -158.07338218 51
111  21.31002300 -158.07331664
111  21.30999038 -158.07325194 51
111  21.30995823 -158.07318819 51
111  21.30992560 -158.07312347
111  21.30989270 -158.07305823 51
111  21.30986035 -158.07299406 51
111  21.30982787 -158.07292965
111  21.30979510 -158.07286467 51
111  21.30976254 -158.07280008 51
111  21.30973005 -158.07273565
111  21.30969728 -158.07267067 51
111  21.30966445 -158.07260556 51
111  21.30963183 -158.07254085
111  21.30959920 -158.07247615 51
111  21.30956658 -158.07241144 51
111  21.30953388 -158.07234659
111  21.30950111 -158.07228161 51
111  21.30946862 -158.07221718 51
111  21.30943627 -158.07215301
111  21.30940323 -158.07208748 51
111  21.30937074 -158.07202305 51
111  21.30933777 -158.07195766
111  21.30930541 -158.07189350 51
111  21.30927293 -158.07182907 51
115  21.30924044 -158.07176464
120 T-LINE
111  21.31069347 -158.07589407 51
111  21.31057555 -158.07596726
111  21.31078947 -158.07608734 51
111  21.31067114 -158.07615781
111  21.31088917 -158.07628218 51
111  21.31076751 -158.07635313
111  21.31098712 -158.07647645 51
111  21.31086713 -158.07654510
111  21.31108500 -158.07667056 51
111  21.31096303 -158.07673937
111  21.31118308 -158.07686508 51
111  21.31106205 -158.07693401
111  21.31128089 -158.07705906 51
111  21.31115897 -158.07712973
111  21.31138062 -158.07725301 51
111  21.31125905 -158.07732219
111  21.31147659 -158.07744718 51
111  21.31135624 -158.07751647
111  21.31157433 -158.07764102 51
111  21.31145428 -158.07771330
111  21.31167228 -158.07783528 51
111  21.31154987 -158.07790308
111  21.31177044 -158.07802995 51
111  21.31164945 -158.07810007
111  21.31186811 -158.07822365 51
111  21.31174779 -158.07829419
111  21.31196620 -158.07841819 51
111  21.31184518 -158.07848883
111  21.31206415 -158.07861245 51
111  21.31194310 -158.07868216
111  21.31216169 -158.07880588 51
111  21.31204151 -158.07887752
111  21.31219466 -158.07887127 51
111  21.31216169 -158.07880588 51
111  21.31212933 -158.07874172
111  21.31209678 -158.07867716 51
111  21.31206415 -158.07861245 51
111  21.31203152 -158.07854773
111  21.31199869 -158.07848262 51
111  21.31196620 -158.07841819 51
111  21.31193282 -158.07835199
111  21.31190067 -158.07828823 51
111  21.31186811 -158.07822365 51
111  21.31183590 -158.07815978
111  21.31180299 -158.07809450 51
111  21.31177044 -158.07802995 51
111  21.31173774 -158.07796509
111  21.31170505 -158.07790026 51
111  21.31167228 -158.07783528 51
111  21.31163958 -158.07777043
111  21.31160702 -158.07770585 51
111  21.31157433 -158.07764102 51
111  21.31154211 -158.07757713
111  21.31150928 -158.07751201 51
111  21.31147659 -158.07744718 51
111  21.31144354 -158.07738164
111  21.31141092 -158.07731694 51
111  21.31137878 -158.07725319 51
111  21.31134614 -158.07718847
111  21.31131325 -158.07712323 51
111  21.31128089 -158.07705906 51
111  21.31124842 -158.07699465
111  21.31121565 -158.07692967 51
111  21.31118308 -158.07686508 51
111  21.31115060 -158.07680065
111  21.31111783 -158.07673567 51
111  21.31108500 -158.07667056 51
111  21.31105237 -158.07660585
111  21.31101975 -158.07654115 51
111  21.31098712 -158.07647645 51
111  21.31095442 -158.07641159
111  21.31092166 -158.07634661 51
111  21.31088917 -158.07628218 51
111  21.31085682 -158.07621802
111  21.31082377 -158.07615248 51
111  21.31079128 -158.07608805 51
111  21.31075831 -158.07602267
111  21.31072596 -158.07595850 51
111  21.31069347 -158.07589407 51
115  21.31066099 -158.07582964
120 Linear Feature 1
111  21.29998108 -158.08032297 51 101
116  21.29984874 -158.07950246  21.30016392 -158.07902245
120 Linear Feature 1
112  21.31346929 -158.06194838  21.31378447 -158.06146837 51 101
115  21.31423375 -158.06180635
120 Linear Feature 1
112  21.31207880 -158.06088151  21.31239398 -158.06040149 51 101
115  21.31284327 -158.06073947
120 Linear Feature 2
111  21.31423375 -158.06180635 51
115  21.31333719 -158.06112745
120 Linear Feature 1
111  21.30051886 -158.08072954 51 101
115  21.29998108 -158.08032297
120 Linear Feature 1
111  21.30051886 -158.08072954 51 101
116  21.30128332 -158.08058751  21.30159850 -158.08010708
120 Linear Feature 1
112  21.31346929 -158.06194838  21.31378447 -158.06146794 51 101
115  21.31333719 -158.06112745
120 Linear Feature 95
111  21.30134427 -158.07295319 51 101
112  21.30130741 -158.07228010  21.30157361 -158.07198741 51 101
115  21.30185510 -158.07216102
120 Linear Feature 96
111  21.30091463 -158.07262381 51 101
112  21.30085264 -158.07215418  21.30096872 -158.07194723 51 101
111  21.30100807 -158.07190077 51 101
116  21.30144797 -158.07184322  21.30170965 -158.07195092
120 Linear Feature 97
111  21.30202158 -158.07227041 51
111  21.30250953 -158.07329251 51
112  21.30263746 -158.07345049  21.30267642 -158.07350160 51
115  21.30289934 -158.07373854
120 Linear Feature 94
111  21.30446255 -158.07247575 51 101
111  21.30399549 -158.07317909 51 101
112  21.30336460 -158.07319406  21.30299862 -158.07291721 51 101
111  21.30299285 -158.07292339 51 101
111  21.30202058 -158.07227191 51 101
111  21.30185510 -158.07216102 51 101
111  21.30144797 -158.07184322 51 101
111  21.30112534 -158.07160206 51 101
112  21.30063563 -158.07168244  21.30049736 -158.07189269 51 101
111  21.30049736 -158.07189269 51 101
112  21.30061835 -158.07239666  21.30085642 -158.07257616 51 101
111  21.30091463 -158.07262381 51 101
111  21.30134427 -158.07295319 51 101
111  21.30166690 -158.07317889 51 101
112  21.30202410 -158.07320054  21.30222574 -158.07309850 51 101
111  21.30267512 -158.07286971 51 101
116  21.30299285 -158.07292339  21.30318874 -158.07305325
120 Linear Feature 93
111  21.30430383 -158.07365988 51 101
112  21.30423948 -158.07287232  21.30447998 -158.07249446 51 101
115  21.30447998 -158.07249446
120 Linear Feature 92
111  21.30606637 -158.07339340 51 101
116  21.30508964 -158.07404334  21.30477277 -158.07388312
120 Linear Feature 91
111  21.30520529 -158.07467790 51 101
112  21.30508964 -158.07404334  21.30475320 -158.07387862 51 101
111  21.30430383 -158.07365988 51 101
112  21.30348368 -158.07400496  21.30319324 -158.07444447 51 101
115  21.30319324 -158.07444447
120 Linear Feature 88
111  21.30608083 -158.07335815 51 101
111  21.30606637 -158.07339340 51 101
111  21.30520529 -158.07467790 51 101
115  21.30128332 -158.08058751
120 Linear Feature 87
111  21.30242308 -158.06446651 51 101
112  21.30176994 -158.06422191  21.30158558 -158.06387253 51 101
115  21.30149628 -158.06368392
120 Linear Feature 87
111  21.30434402 -158.06838651 51 101
112  21.30372573 -158.06812491  21.30354137 -158.06777552 51 101
115  21.30345207 -158.06758692
120 Linear Feature 86
111  21.30333075 -158.06354640 51 101
116  21.30317484 -158.06402522  21.30292725 -158.06417087
120 Linear Feature 86
111  21.30523215 -158.06755515 51 101
116  21.30505809 -158.06799881  21.30481050 -158.06814446
120 Linear Feature 85
111  21.30363374 -158.06418521 51 101
112  21.30317484 -158.06402522  21.30292963 -158.06416576 51 101
111  21.30242308 -158.06446651 51 101
112  21.30232475 -158.06532677  21.30257234 -158.06581739 51 101
115  21.30257234 -158.06581739
120 Linear Feature 85
111  21.30549017 -158.06810123 51 101
112  21.30505809 -158.06799881  21.30481288 -158.06813935 51 101
111  21.30434402 -158.06838651 51 101
112  21.30428689 -158.06922976  21.30453448 -158.06972038 51 101
115  21.30453448 -158.06972038
120 Linear Feature 84
111  21.30610878 -158.06940334 51 101
111  21.30549017 -158.06810123 51 101
111  21.30523215 -158.06755515 51 101
111  21.30363374 -158.06418521 51 101
111  21.30333075 -158.06354640 51 101
111  21.30264375 -158.06214582 51 101
112  21.30208704 -158.06188688  21.30175764 -158.06205618 51 101
111  21.30117748 -158.06242456 51 101
112  21.30111716 -158.06292749  21.30130274 -158.06329597 51 101
115  21.30130274 -158.06329597
120 Linear Feature 81
111  21.30768223 -158.06858007 51 101
112  21.30754320 -158.06782649  21.30777889 -158.06745826 51 101
115  21.30777889 -158.06745826
120 Linear Feature 80
111  21.30931187 -158.06827908 51 101
111  21.30890858 -158.06887780 51 101
116  21.30826621 -158.06904667  21.30792839 -158.06882742
120 Linear Feature 79
111  21.30806456 -158.07018790 51 101
111  21.30839715 -158.06965383 51 101
112  21.30826621 -158.06904667  21.30800171 -158.06883023 51 101
111  21.30768223 -158.06858007 51 101
112  21.30690049 -158.06879376  21.30670461 -158.06909677 51 101
115  21.30656962 -158.06929092
120 Linear Feature 78
111  21.30641158 -158.07003413 51 101
112  21.30644575 -158.06947952  21.30656962 -158.06929092 51 101
115  21.30656962 -158.06929092
120 Linear Feature 77
111  21.30700437 -158.07130669 51 101
111  21.30641158 -158.07003413 51 101
112  21.30608179 -158.07003939  21.30596656 -158.07022181 51 101
115  21.30596656 -158.07022181
120 Linear Feature 76
111  21.30765185 -158.07256315 51 101
116  21.30794981 -158.07257314  21.30807827 -158.07239163
120 Linear Feature 75
111  21.30807641 -158.07019724 51 101
111  21.30841546 -158.06967344 51 101
116  21.30906767 -158.06957585  21.30943551 -158.06987587
120 Linear Feature 75
111  21.31004810 -158.06721576 51 101
111  21.31038715 -158.06669196 51 101
116  21.31088043 -158.06650653  21.31112509 -158.06668140
120 Linear Feature 75
111  21.31185602 -158.06444097 51 101
111  21.31219507 -158.06391717 51 101
116  21.31282564 -158.06384914  21.31326292 -158.06410764
120 Linear Feature 74
111  21.30946013 -158.07029387 51 101
116  21.30942938 -158.06987000  21.30926451 -158.06973653
120 Linear Feature 74
111  21.31139624 -158.06718506 51 101
116  21.31133572 -158.06684849  21.31116145 -158.06672945
120 Linear Feature 74
111  21.31319115 -158.06452595 51 101
116  21.31319004 -158.06411444  21.31301577 -158.06399540
120 Linear Feature 73
111  21.30932487 -158.06829253 51 101
111  21.30899533 -158.06879252 51 101
112  21.30906767 -158.06957585  21.30943551 -158.06987587 51 101
111  21.30942938 -158.06987000 51 101
116  21.30981886 -158.06971786  21.30999314 -158.06946617
120 Linear Feature 73
111  21.31125439 -158.06536990 51 101
111  21.31092484 -158.06586989 51 101
112  21.31088043 -158.06650653  21.31112509 -158.06668140 51 101
111  21.31133572 -158.06684849 51 101
116  21.31165451 -158.06679915  21.31178269 -158.06661239
120 Linear Feature 73
111  21.31310449 -158.06253625 51 101
111  21.31277495 -158.06303624 51 101
112  21.31282564 -158.06384914  21.31319004 -158.06411444 51 101
111  21.31319004 -158.06411444 51 101
116  21.31358948 -158.06394451  21.31376376 -158.06369281
120 Linear Feature 72
111  21.31333719 -158.06112745 51 101
115  21.31284327 -158.06073947
120 Linear Feature 71
111  21.31456762 -158.06251674 51 101
111  21.31716341 -158.05932356 51 101
111  21.31726826 -158.05919522 51 101
111  21.31882080 -158.05729486 51 101
112  21.31931511 -158.05723704  21.31951791 -158.05741731 51 101
111  21.31953058 -158.05742072 51 101
116  21.31949890 -158.05762820  21.31942285 -158.05773024
120 Linear Feature 70
111  21.30786649 -158.07297178 51 101
112  21.30794981 -158.07257314  21.30811170 -158.07232527 51 101
111  21.30936799 -158.07044183 51 101
111  21.30946013 -158.07029387 51 101
111  21.30981886 -158.06971786 51 101
111  21.31139624 -158.06718506 51 101
111  21.31165451 -158.06679915 51 101
111  21.31319115 -158.06452595 51 101
111  21.31358948 -158.06394451 51 101
111  21.31456762 -158.06251674 51 101
112  21.31456762 -158.06207116  21.31440601 -158.06193511 51 101
115  21.31423375 -158.06180635
120 Linear Feature 69
111  21.30796154 -158.07752842 20
115  21.30797931 -158.07742947
120 Linear Feature 68
111  21.30800773 -158.07749148 20
115  21.30792149 -158.07747724
120 Linear Feature 66
111  21.30934930 -158.07628519 51 101
116  21.30941909 -158.07597640  21.30933861 -158.07578633
120 Linear Feature 65
111  21.30941909 -158.07597640 51 101
116  21.30965603 -158.07604200  21.30979018 -158.07598441
120 Linear Feature 64
111  21.30964292 -158.07639855 51 101
116  21.30965603 -158.07604200  21.30979018 -158.07594793
120 Linear Feature 63
111  21.30964292 -158.07639855 51 101
116  21.30934930 -158.07628519  21.30919011 -158.07636967
120 Linear Feature 99
111  21.30988535 -158.07051099 51 101
111  21.30972374 -158.07018447 51 101
116  21.30981886 -158.06971786  21.30995242 -158.06949861
120 Linear Feature 98
111  21.31194868 -158.07453024 51 101
112  21.31195725 -158.07406835  21.31183679 -158.07386034 51 101
111  21.30988535 -158.07051439 51 101
116  21.30936799 -158.07044183  21.30908280 -158.07065270
120 Linear Feature 100
111  21.31240677 -158.07422847 51 101
116  21.31195725 -158.07406835  21.31180416 -158.07382434
120 Linear Feature 62
111  21.30852877 -158.07700165 51 101
111  21.30934930 -158.07628519 51 101
111  21.30965603 -158.07604200 51 101
111  21.30980379 -158.07591838 51 101
111  21.31194868 -158.07453024 51 101
111  21.31240677 -158.07422847 51 101
115  21.31288439 -158.07391324
120 Linear Feature 61
111  21.31142012 -158.08341927 51 101
112  21.31196736 -158.08355022  21.31231940 -158.08332574 51 101
111  21.31285252 -158.08300568 51 101
112  21.31291177 -158.08243326  21.31268521 -158.08204415 51 101
111  21.31167147 -158.08022448 51 101
111  21.30964292 -158.07639855 51 101
111  21.30941909 -158.07597640 51 101
111  21.30786854 -158.07297792 51 101
111  21.30765185 -158.07256315 51 101
115  21.30731366 -158.07191583
120 Linear Feature 40
111  21.30254370 -158.07305866 53
115  21.30232556 -158.07317974
120 Linear Feature 39
111  21.30157033 -158.07325617 53 102
111  21.30037865 -158.07235548 53 102
112  21.30030116 -158.07175057  21.30048494 -158.07146149 53
115  21.30049273 -158.07146101
120 Linear Feature 38
111  21.30144384 -158.08085504 53 102
115  21.30105121 -158.08147741
120 Linear Feature 35
111  21.31170806 -158.07276871 53 102
112  21.31160148 -158.07315831  21.31171671 -158.07338712 53 102
111  21.31203004 -158.07397148 53 102
116  21.31242469 -158.07405806  21.31265226 -158.07390037
120 Linear Feature 34
111  21.31091200 -158.07144549 53 102
112  21.31083056 -158.07186368  21.31097696 -158.07211809 53 102
111  21.31121746 -158.07251093 53 102
116  21.31156599 -158.07257763  21.31172981 -158.07246165
120 Linear Feature 33
111  21.31002983 -158.06958948 53 102
111  21.30986276 -158.06986467 53 102
112  21.30983683 -158.07018933  21.30991749 -158.07037176 53 102
111  21.31038599 -158.07116319 53 102
116  21.31072187 -158.07126863  21.31089298 -158.07119380
120 Linear Feature 37
111  21.31176285 -158.07446325 53
112  21.31181337 -158.07404749  21.31172355 -158.07389685 53
111  21.30981620 -158.07056779 53
112  21.30936791 -158.07061883  21.30915734 -158.07093233 53
111  21.30813169 -158.07244880 53
112  21.30804339 -158.07306122  21.30819282 -158.07333098 53
111  21.30936920 -158.07570789 53
114  21.30986319 -158.07576212  21.31018316 -158.07554521 53
120 Linear Feature 32
111  21.31441196 -158.06154937 53
115  21.31478246 -158.06182655
120 Linear Feature 28
111  21.31167908 -158.08050871 53 102
115  21.30980255 -158.07696803
120 Linear Feature 27
111  21.31254946 -158.07425871 53
111  21.30991599 -158.07596569 53
112  21.30981055 -158.07651346  21.30998347 -158.07683487 53
115  21.31186512 -158.08037135
120 Linear Feature 30
111  21.31328670 -158.08287007 53 102
115  21.31192321 -158.08372012
120 Linear Feature 110
111  21.31726826 -158.05919522 1
112  21.31774777 -158.05908135  21.31800945 -158.05907713 1
112  21.31847693 -158.05890241  21.31862929 -158.05871586 1
115  21.31949890 -158.05762820
120 Linear Feature 107
111  21.30496139 -158.07540860 20
115  21.30484090 -158.07531198
120 Linear Feature 106
111  21.30944047 -158.06820411 20
115  21.30956860 -158.06830560
120 Linear Feature 105
111  21.30422154 -158.07654924 20
111  21.30409885 -158.07645871 20
111  21.30484090 -158.07531198 20
111  21.30944047 -158.06820411 20
111  21.31021481 -158.06700748 20
111  21.31034313 -158.06711149 20
111  21.30956860 -158.06830560 20
113  21.30496139 -158.07540860 20
120 Linear Feature 115
111  21.30278452 -158.07366314 20
115  21.30278563 -158.07356897
120 Linear Feature 114
111  21.30283005 -158.07361665 20
115  21.30274454 -158.07361784
120 Linear Feature 113
111  21.31012074 -158.06992164 22
111  21.30823602 -158.07284329 22
115  21.31204101 -158.08021694
120 Linear Feature 112
111  21.31234870 -158.06646606 2
115  21.31243408 -158.06632618
120 HOLD
111  21.31233149 -158.08302519 54
115  21.31249814 -158.08335043
120 HOLD
111  21.30899114 -158.07646686 54
115  21.30910151 -158.07663180
120 HOLD
111  21.30476947 -158.06803894 54
115  21.30486248 -158.06823668
120 HOLD
111  21.30279400 -158.06413793 54
115  21.30288344 -158.06432119
120 HOLD
111  21.30163791 -158.06187885 54
115  21.30183919 -158.06228536
120 HOLD
111  21.31305955 -158.06125703 54
115  21.31349044 -158.06058966
120 HOLD
111  21.31330942 -158.06045872 54
115  21.31289034 -158.06113665
120 HOLD
111  21.31483526 -158.06141431 54
115  21.31436778 -158.06218095
120 HOLD
111  21.31316274 -158.06391176 54
115  21.31300162 -158.06414819
120 HOLD
111  21.31131489 -158.06663706 54
115  21.31113102 -158.06689303
120 HOLD
111  21.30573212 -158.06884475 54
115  21.30591262 -158.06875399
120 HOLD
111  21.30664860 -158.07078733 54
115  21.30683397 -158.07068261
120 HOLD
111  21.30677706 -158.07056916 54
115  21.30659169 -158.07066690
120 HOLD
111  21.30797038 -158.06894427 54
115  21.30808298 -158.06876437
120 HOLD
111  21.30792324 -158.06863788 54
115  21.30781063 -158.06880935
120 HOLD
111  21.30936101 -158.06967322 54
115  21.30924317 -158.06985312
120 HOLD
111  21.30771258 -158.07238507 54
115  21.30750546 -158.07251283
120 HOLD
111  21.30173485 -158.08126040 54
115  21.30142590 -158.08176653
120 HOLD
111  21.30472069 -158.07398770 54
115  21.30480833 -158.07378995
120 HOLD
111  21.30309490 -158.07313595 54
115  21.30321262 -158.07294508
120 HOLD
111  21.30464556 -158.07370356 54
115  21.30455613 -158.07390898
120 HOLD
111  21.30019543 -158.08084386 54
115  21.30050844 -158.08036199
120 HOLD
111  21.30032242 -158.08022569 54
115  21.30002908 -158.08069411
120 Linear Feature 60
111  21.30786680 -158.07769366 54
115  21.30775425 -158.07750317
21  21.31031931 -158.06238153 2 234.8200 3.00 New PAPI-4L
21  21.31176362 -158.06352424 2 234.8200 3.00 New PAPI-4L
21  21.30873814 -158.07015175 2 54.8200 3.00 New PAPI-4L
21  21.30203458 -158.07732863 2 54.8200 3.00 New PAPI-4L
21  21.30347307 -158.06893508 2 298.4300 3.00 New PAPI-4L
21  21.30976919 -158.07851244 2 118.4300 3.00 New PAPI-4L
20  21.30010617 -158.08095942 325.4100 0 2 {@L}A1{@R}04L-22R{@L}{@@}A1
20  21.30040112 -158.08013546 147.0800 0 2 {@L}A1{@R}22L-04R{@L}{@@}A1
20  21.30464948 -158.07411111 336.5200 0 2 {@L}A2{@R}04L-22R
20  21.30467955 -158.07362101 159.1500 0 2 {@L}A2{@R}22L-04R
20  21.31492000 -158.06137398 139.4600 0 2 {@L}B1{@R}04L-22R
20  21.31334974 -158.06037078 144.1600 0 2 {@L}B1{@R}04L-22R
20  21.31298550 -158.06134716 323.5500 0 2 {@L}B1{@R}04L-22R
20  21.31322709 -158.06380110 139.8000 0 2 {@L}B2{@R}04L-22R
20  21.31136962 -158.06657341 137.1500 0 2 {@L}B3{@R}04L-22R
20  21.30792059 -158.06903341 324.7400 0 2 {@L}B4{@R}04L-22R
20  21.30940686 -158.06956751 147.9100 0 2 {@L}B4{@R}04L-22R
20  21.30798948 -158.06853175 144.0600 0 2 {@L}B4{@R}22L-04R
20  21.30779716 -158.07228175 170.2700 0 2 {@L}C{@R}04L-22R
20  21.30658001 -158.07083985 296.5700 0 2 {@L}C{@R}04L-22R
20  21.30689065 -158.07051036 114.8200 0 2 {@L}C{@R}22L-04R
20  21.31228824 -158.08291340 207.9000 0 2 {@L}C1{@R}29-11
20  21.30891849 -158.07634738 216.7800 0 2 {@L}C2{@R}29-11
20  21.30934427 -158.07665496 38.1000 0 2 {@L}C2{@Y}{^l}C{^r}
20  21.30472170 -158.06792339 209.0500 0 2 {@L}C3{@R}29-11
20  21.30511882 -158.06827803 28.7400 0 2 {@L}C3{@Y}{^l}C{^r}
20  21.30274066 -158.06401983 204.5200 0 2 {@L}C4{@R}29-11
20  21.30317780 -158.06428165 28.6700 0 2 {@L}C4{@Y}{^l}C{^r}
20  21.30158797 -158.06177028 206.2000 0 2 {@L}C5{@R}29-11
14  21.31111126 -158.07008918 150.92 0 New Tower Viewpoint 34
1300  21.31293548 -158.07467304  32.00 tie_down jets|turboprops|props GA 1
1301 C general_aviation 
1300  21.31281621 -158.07707670 209.75 tie_down jets|turboprops|props|helos|fighters GA 2
1301 C general_aviation 
1300  21.31196620 -158.07841819  33.69 tie_down jets|turboprops|props GA 3
1301 C general_aviation 
1300  21.31003244 -158.07351240  29.13 tie_down jets|turboprops|props|helos GA 4
1301 C general_aviation 
1300  21.30956658 -158.07241144  30.07 tie_down jets|turboprops|props GA 5
1301 C general_aviation 
1300  21.32008560 -158.05872892 -129.53 tie_down jets|turboprops|props GA 6
1301 C general_aviation 
1300  21.30077331 -158.07129282 325.21 tie_down jets|turboprops|props|helos Ramp South
1301 C general_aviation 
19  21.30599040 -158.07498908 1 New Windsock 1
1050 119800 ATIS
1051 132600 CTAF
1052 121700 CLNC DEL
1053 123800 GND
1054 132600 TWR
1055 118300 HONOLULU APP/DEP
1200 
1201  21.32024860 -158.05908340 both 0 ground_stop
1201  21.31796597 -158.06403780 both 1 ground_stop
1201  21.31774003 -158.06270023 both 2 unnamed entity(split)
1201  21.31376194 -158.06954860 both 3 ground_stop
1201  21.31313687 -158.07032425 both 4 ground_stop
1201  21.31430777 -158.07762100 both 5 grnd_stop
1201  21.31153419 -158.07278510 both 6 grnd_stop
1201  21.31323714 -158.07121942 both 7 grnd_stop
1201  21.31254734 -158.07158191 both 8 grnd_stop
1201  21.31309343 -158.07275425 both 9 grnd_stop
1201  21.31278446 -158.07208324 both 10 unnamed entity(split)
1201  21.31261919 -158.07302420 both 11 grnd_start
1201  21.31281320 -158.07292393 both 12 unnamed entity(split)
1201  21.31699862 -158.06424800 both 13 crew_stop
1201  21.31658147 -158.06498386 both 14 crew_stop
1201  21.31436067 -158.06672014 both 15 crew_stop
1201  21.31249148 -158.06793347 both 16 crew_stop
1201  21.31202599 -158.07038029 both 17 crew_stop
1201  21.31207858 -158.07140807 both 18 crew_stop
1201  21.31179605 -158.07162202 both 19 crew_start
1201  21.31958142 -158.05751304 both 20 B_stop
1201  21.31817427 -158.05927527 both 21 B_stop
1201  21.31753057 -158.05887354 both 22 B_stop
1201  21.30283547 -158.06422307 both 23 C4_stop
1201  21.30481443 -158.06813429 both 24 C3_stop
1201  21.31253762 -158.07414236 both 25 C2_stop
1201  21.30981375 -158.07590469 both 26 C2_stop
1201  21.30904609 -158.07654954 both 27 C2_stop
1201  21.31307947 -158.06403395 both 28 B2_stop
1201  21.31122495 -158.06676224 both 29 B3_stop
1201  21.31215385 -158.07439169 both 30 B4_stop
1201  21.30989906 -158.07054154 both 31 B4_stop
1201  21.30930135 -158.06976508 both 32 B4_stop
1201  21.30802687 -158.06885350 both 33 B4_stop
1201  21.30786610 -158.06872512 both 34 B4_stop
1201  21.30104894 -158.07158209 both 35 A2_stop
1201  21.30315540 -158.07303738 both 36 A2_stop
1201  21.30534664 -158.07416327 both 37 A2_stop
1201  21.30476615 -158.07388529 both 38 A2_stop
1201  21.30460149 -158.07380499 both 39 A2_stop
1201  21.30430261 -158.07365629 both 40 A2_stop
1201  21.31178916 -158.08044586 both 41 C_stop
1201  21.30951332 -158.07615523 both 42 C_stop
1201  21.30242959 -158.06167878 both 43 C5_stop
1201  21.30347538 -158.06385225 both 44 unnamed entity(split)
1201  21.30535568 -158.06781973 both 45 unnamed entity(split)
1201  21.30582245 -158.06879931 both 46 unnamed entity(split)
1201  21.30626655 -158.06973158 both 47 unnamed entity(split)
1201  21.30724081 -158.06824792 both 48 unnamed entity(split)
1201  21.30668181 -158.07062047 both 49 unnamed entity(split)
1201  21.30673792 -158.07073673 both 50 unnamed entity(split)
1201  21.30092022 -158.06256917 both 51 C5_stop
1201  21.30174130 -158.06208566 both 52 unnamed entity(split)
1201  21.31313833 -158.08282237 both 53 C1_stop
1201  21.31244751 -158.08325156 both 54 C1_stop
1201  21.31185546 -158.08362278 both 55 C1_stop
1201  21.31141694 -158.08341941 both 56 C1_stop
1201  21.31474990 -158.06219595 both 57 B1_stop
1201  21.31519637 -158.06173194 both 58 unnamed entity(split)
1201  21.31337638 -158.06425460 both 59 unnamed entity(split)
1201  21.31152852 -158.06698828 both 60 unnamed entity(split)
1201  21.30962251 -158.07003273 both 61 unnamed entity(split)
1201  21.31448045 -158.06199934 both 62 B1_stop
1201  21.31321382 -158.06101854 both 63 B1_stop
1201  21.31378684 -158.06146183 both 64 unnamed entity(split)
1201  21.31304306 -158.06088977 both 65 B1_stop
1201  21.29970216 -158.07990813 both 66 A1_stop
1201  21.30093126 -158.08083907 both 67 A_stop
1201  21.30051047 -158.08072647 both 68 unnamed entity(split)
1201  21.30017341 -158.08046460 both 69 unnamed entity(split)
1201  21.29993527 -158.08029754 both 70 unnamed entity(split)
1201  21.31239578 -158.06039787 both 71 04R/22L_stop
1201  21.29987655 -158.07946197 both 72 04R/22L_start
1201  21.30377811 -158.07352126 both 73 unnamed entity(split)
1201  21.30389293 -158.07334645 both 74 unnamed entity(split)
1201  21.30480953 -158.07195179 both 75 unnamed entity(split)
1201  21.31338617 -158.06207264 both 76 04L/29R_stop
1201  21.30684025 -158.07205370 both 77 04L/29R_start
1201  21.30713881 -158.07159818 both 78 unnamed entity(split)
1201  21.30864950 -158.06929503 both 79 unnamed entity(split)
1201  21.31061249 -158.06630213 both 80 unnamed entity(split)
1201  21.31242163 -158.06354355 both 81 unnamed entity(split)
1201  21.30759628 -158.07245787 both 82 unnamed entity(split)
1201  21.30778792 -158.07282101 both 83 unnamed entity(split)
1201  21.30264200 -158.06598238 both 84 11/29_stop
1201  21.30200105 -158.06471200 both 85 unnamed entity(split)
1201  21.31047664 -158.08151511 both 86 11/29_start
1201  21.30830456 -158.07719685 both 87 unnamed entity(split)
1201  21.30660058 -158.07385223 both 88 unnamed entity(split)
1201  21.30619880 -158.07303471 both 89 unnamed entity(split)
1201  21.30563603 -158.07402174 both 90 unnamed entity(split)
1201  21.30128496 -158.08058372 both 91 unnamed entity(split)
1201  21.30582552 -158.07230097 both 92 unnamed entity(split)
1201  21.30562948 -158.07191438 both 93 unnamed entity(split)
1201  21.30528320 -158.07122880 both 94 unnamed entity(split)
1201  21.30584446 -158.07037607 both 95 unnamed entity(split)
1201  21.30495472 -158.07057844 both 96 unnamed entity(split)
1201  21.30396851 -158.06861949 both 97 unnamed entity(split)
1202 21 20 twoway taxiway_C B
1202 22 21 twoway taxiway_C B
1202 57 58 twoway taxiway_C B
1202 58 22 twoway taxiway_C B
1202 23 44 twoway taxiway_C C4
1202 85 23 twoway taxiway_C C4
1204 departure 11,29
1204 arrival 11,29
1202 24 45 twoway taxiway_C C3
1202 97 24 twoway taxiway_C C3
1204 departure 11,29
1204 arrival 11,29
1202 30 25 twoway taxiway_C C2
1202 26 30 twoway taxiway_C C2
1202 42 26 twoway taxiway_C C2
1202 27 42 twoway taxiway_C C2
1202 87 27 twoway taxiway_C C2
1204 departure 11,29
1204 arrival 11,29
1202 28 59 twoway taxiway_C B2
1202 81 28 twoway taxiway_C B2
1204 departure 04L,22R
1204 arrival 04L,22R
1202 29 60 twoway taxiway_C B3
1202 80 29 twoway taxiway_C B3
1204 departure 04L,22R
1204 arrival 04L,22R
1202 31 30 twoway taxiway_C B4
1202 61 31 twoway taxiway_C B4
1202 32 61 twoway taxiway_C B4
1202 33 79 twoway taxiway_C B4
1204 departure 04L,22R
1204 arrival 04L,22R
1202 79 32 twoway taxiway_C B4
1204 departure 04L,22R
1204 arrival 04L,22R
1202 34 33 twoway taxiway_C B4
1202 48 34 twoway taxiway_C B4
1204 departure 04R,22L
1204 arrival 04R,22L
1202 36 35 twoway taxiway_C A2
1202 73 36 twoway taxiway_C A2
1204 departure 04R,22L
1204 arrival 04R,22L
1202 37 90 twoway taxiway_C A2
1204 departure 04L,22R
1204 arrival 04L,22R
1202 38 37 twoway taxiway_C A2
1204 departure 04L,22R
1204 arrival 04L,22R
1202 39 38 twoway taxiway_C A2
1202 40 39 twoway taxiway_C A2
1204 departure 04R,22L
1204 arrival 04R,22L
1202 74 40 twoway taxiway_C A2
1204 departure 04R,22L
1204 arrival 04R,22L
1202 57 59 twoway taxiway_C B
1202 59 60 twoway taxiway_C B
1202 60 61 twoway taxiway_C B
1202 61 83 twoway taxiway_C B
1202 41 53 twoway taxiway_C C
1202 42 41 twoway taxiway_C C
1202 43 44 twoway taxiway_C C
1202 44 45 twoway taxiway_C C
1202 45 46 twoway taxiway_C C
1202 46 47 twoway taxiway_C C
1204 departure 04R,22L
1204 arrival 04R,22L
1202 47 49 twoway taxiway_C C
1204 departure 04R,22L
1204 arrival 04R,22L
1202 49 50 twoway taxiway_C C
1202 50 78 twoway taxiway_C C
1204 departure 04L,22R
1204 arrival 04L,22R
1202 78 82 twoway taxiway_C C
1204 departure 04L,22R
1204 arrival 04L,22R
1202 82 83 twoway taxiway_C C
1202 83 42 twoway taxiway_C C
1202 51 52 twoway taxiway_C C5
1204 departure 11,29
1204 arrival 11,29
1202 52 43 twoway taxiway_C C5
1202 84 85 twoway taxiway_C C5
1204 departure 11,29
1204 arrival 11,29
1202 85 51 twoway taxiway_C C5
1204 departure 11,29
1204 arrival 11,29
1202 54 53 twoway taxiway_C C1
1202 55 54 twoway taxiway_C C1
1204 departure 11,29
1204 arrival 11,29
1202 56 55 twoway taxiway_C C1
1204 departure 11,29
1204 arrival 11,29
1202 86 56 twoway taxiway_C C1
1204 departure 11,29
1204 arrival 11,29
1202 76 64 twoway taxiway_C B1
1204 departure 04L,22R
1204 arrival 04L,22R
1202 62 57 twoway taxiway_C B1
1202 63 64 twoway taxiway_C B1
1204 departure 04L,22R
1204 arrival 04L,22R
1202 64 62 twoway taxiway_C B1
1204 departure 04L,22R
1204 arrival 04L,22R
1202 65 63 twoway taxiway_C B1
1202 71 65 twoway taxiway_C B1
1204 departure 04R,22L
1204 arrival 04R,22L
1202 66 72 twoway taxiway_C A1
1204 departure 04R,22L
1204 arrival 04R,22L
1202 67 68 twoway taxiway_C A1
1202 68 69 twoway taxiway_C A1
1202 69 70 twoway taxiway_C A1
1204 departure 04R,22L
1204 arrival 04R,22L
1202 70 66 twoway taxiway_C A1
1204 departure 04R,22L
1204 arrival 04R,22L
1202 77 89 twoway taxiway_C A
1204 departure 04L,11,22R,29
1204 arrival 04L,11,22R,29
1202 89 90 twoway taxiway_C A
1204 departure 04L,11,22R,29
1204 arrival 04L,11,22R,29
1202 90 91 twoway taxiway_C A
1202 91 67 twoway taxiway_C A
1202 72 73 twoway runway 04R/22L
1204 departure 04R,22L
1204 arrival 04R,22L
1204 ils 04R,22L
1202 73 74 twoway runway 04R/22L
1204 departure 04R,22L
1204 arrival 04R,22L
1204 ils 04R,22L
1202 74 75 twoway runway 04R/22L
1204 departure 04R,22L
1204 arrival 04R,22L
1204 ils 04R,22L
1202 75 94 twoway runway 04R/22L
1204 departure 04R,11,22L,29
1204 arrival 04R,11,22L,29
1204 ils 04R,22L
1202 94 95 twoway runway 04R/22L
1204 departure 04R,11,22L,29
1204 arrival 04R,11,22L,29
1204 ils 04R,22L
1202 95 47 twoway runway 04R/22L
1204 departure 04R,22L
1204 arrival 04R,22L
1204 ils 04R,22L
1202 47 48 twoway runway 04R/22L
1204 departure 04R,22L
1204 arrival 04R,22L
1204 ils 04R,22L
1202 48 71 twoway runway 04R/22L
1204 departure 04R,22L
1204 arrival 04R,22L
1204 ils 04R,22L
1202 77 78 twoway runway 04L/22R
1204 departure 04L,11,22R,29
1204 arrival 04L,11,22R,29
1204 ils 04L,22R
1202 78 79 twoway runway 04L/22R
1204 departure 04L,11,22R,29
1204 arrival 04L,11,22R,29
1204 ils 04L,22R
1202 79 80 twoway runway 04L/22R
1204 departure 04L,11,22R,29
1204 arrival 04L,11,22R,29
1204 ils 04L,22R
1202 80 81 twoway runway 04L/22R
1204 departure 04L,11,22R,29
1204 arrival 04L,11,22R,29
1204 ils 04L,22R
1202 81 76 twoway runway 04L/22R
1204 departure 04L,11,22R,29
1204 arrival 04L,11,22R,29
1204 ils 04L,22R
1202 86 87 twoway runway 11/29
1204 departure 11,29
1204 arrival 11,29
1204 ils 11,29
1202 87 88 twoway runway 11/29
1204 departure 11,29
1204 arrival 11,29
1204 ils 11,29
1202 88 89 twoway runway 11/29
1204 departure 04L,11,22R,29
1204 arrival 04L,11,22R,29
1204 ils 11,29
1202 89 92 twoway runway 11/29
1204 departure 04L,11,22R,29
1204 arrival 04L,11,22R,29
1204 ils 11,29
1202 92 93 twoway runway 11/29
1204 departure 11,29
1204 arrival 11,29
1204 ils 11,29
1202 93 94 twoway runway 11/29
1204 departure 04R,11,22L,29
1204 arrival 04R,11,22L,29
1204 ils 11,29
1202 94 96 twoway runway 11/29
1204 departure 04R,11,22L,29
1204 arrival 04R,11,22L,29
1204 ils 11,29
1202 96 97 twoway runway 11/29
1204 departure 11,29
1204 arrival 11,29
1204 ils 11,29
1202 97 84 twoway runway 11/29
1204 departure 11,29
1204 arrival 11,29
1204 ils 11,29
1206 1 2 twoway  ground
1206 2 0 twoway  ground
1206 14 1 twoway  ground
1206 15 14 twoway  ground
1206 3 15 twoway  ground
1206 4 3 twoway  ground
1206 7 4 twoway  ground
1206 12 5 twoway  grnd
1206 10 6 twoway  grnd
1206 8 7 twoway  grnd
1206 9 10 twoway  grnd
1206 10 8 twoway  grnd
1206 11 12 twoway  grnd
1206 12 9 twoway  grnd
1206 14 13 twoway  crew
1206 15 14 twoway  crew
1206 16 15 twoway  crew
1206 17 16 twoway  crew
1206 18 17 twoway  crew
1206 19 18 twoway  crew
1400  21.31248071 -158.07302890  0.00 pushback 0 New Service Truck 11
1400  21.31258882 -158.07322976  0.00 gpu 0 New Service Truck 10
1400  21.31171143 -158.07161400  0.00 crew_limo 0 New Service Truck 14
1400  21.31176965 -158.07154705  0.00 crew_ferrari 0 New Service Truck 13
1400  21.31180707 -158.07166756  0.00 crew_car 0 New Service Truck 12
1400  21.31212310 -158.07321190  0.00 food 0 New Service Truck 9
1400  21.31229573 -158.07310741  0.00 fuel_props 0 New Service Truck 8
1400  21.31230815 -158.07326734  0.00 fuel_liners 0 New Service Truck 7
1400  21.31243231 -158.07316072  0.00 fuel_jets 0 New Service Truck 6
1400  21.31213892 -158.07344413  0.00 baggage_train 3 New Service Truck 5
1400  21.31210299 -158.07334772  0.00 baggage_loader 0 New Service Truck 4
1401  21.30974375 -158.07309121  0.00 baggage_loader|baggage_train|crew_car|crew_ferrari|crew_limo|fuel_jets|fuel_liners|fuel_props|food|gpu|pushback New Service Truck Destination 3
1401  21.31811043 -158.06356628  0.00 baggage_loader|baggage_train|crew_car|crew_ferrari|crew_limo|fuel_jets|fuel_liners|fuel_props|food|gpu|pushback New Service Truck Destination 3
1401  21.32042024 -158.05955704  0.00 baggage_loader|baggage_train|crew_car|crew_ferrari|crew_limo|fuel_jets|fuel_liners|fuel_props|food|gpu|pushback New Service Truck Destination 3
1401  21.31432095 -158.07779303  0.00 baggage_loader|baggage_train|crew_car|crew_ferrari|crew_limo|fuel_jets|fuel_liners|fuel_props|food|gpu|pushback New Service Truck Destination 3
1401  21.31315877 -158.07105705  0.00 baggage_loader|baggage_train|crew_car|crew_ferrari|crew_limo|fuel_jets|fuel_liners|fuel_props|food|gpu|pushback New Service Truck Destination 2
1401  21.31664931 -158.06440322  0.00 crew_car|crew_ferrari|crew_limo New Service Truck Destination 1
99
