I
1130 Generated by WorldEditor 2.0.0r4

1     44 1 0 PHKO Kona Intl At Keahole
1302 city Kailua/Kona
1302 country United States
1302 datum_lat 19.738766667
1302 datum_lon -156.045630556
1302 faa_code KOA
1302 iata_code KOA
1302 icao_code PHKO
1302 region_code PH
1302 state Hawaii
1302 transition_alt 18000
1302 transition_level 18000
100 45.72 1 1 0.25 0 3 0 17  19.75499250 -156.04436900    0  122 3 7 0 0 35  19.72369350 -156.04714400    0  123 3 0 0 0
110 1 0.25 185.0000 lib/airport/pavement/asphalt_2D.pol
111  19.72583368 -156.04196573
111  19.72579401 -156.04152661
112  19.72566247 -156.04139805  19.72556654 -156.04140862
111  19.72566247 -156.04139805
111  19.72467598 -156.04148748
111  19.72466629 -156.04137556
111  19.73295257 -156.04064912
112  19.73329982 -156.04034673  19.73338591 -156.04001899
111  19.73329982 -156.04034673
112  19.73329982 -156.04034673  19.73329264 -156.03987925
111  19.73366022 -156.03981573
111  19.73895913 -156.03942166
112  19.73933774 -156.03982970  19.73939726 -156.04029097
111  19.73933774 -156.03982970
112  19.73933774 -156.03982970  19.73936925 -156.04012357
111  19.73957450 -156.04015110
111  19.73998366 -156.04013993
111  19.73998103 -156.04004053
111  19.74015991 -156.04003092
111  19.74016479 -156.04011463
111  19.74025225 -156.04011068
111  19.74027040 -156.04001416
111  19.74057555 -156.03973747
112  19.74085177 -156.03970113  19.74100483 -156.03973416
111  19.74085177 -156.03970113
112  19.74085177 -156.03970113  19.74093787 -156.03971892
111  19.74096322 -156.03985078
111  19.74098331 -156.04014831
111  19.74079242 -156.04017169
111  19.74081039 -156.04036572
111  19.73980772 -156.04045432
111  19.73983084 -156.04070773
111  19.73946459 -156.04074021
111  19.73945227 -156.04053959
111  19.73955682 -156.04052465
111  19.73953382 -156.04025172
111  19.73937861 -156.04025731
111  19.73942440 -156.04090177
111  19.73939811 -156.04090356
111  19.73934548 -156.04090910
111  19.73931224 -156.04037189
112  19.73931224 -156.04037189  19.73929311 -156.04026696
111  19.73917856 -156.04025705
111  19.73887651 -156.04027992
112  19.73880477 -156.04037647  19.73881194 -156.04046031
111  19.73880477 -156.04037647
111  19.73885812 -156.04096032
111  19.73683396 -156.04117310
111  19.73681647 -156.04097143
111  19.73640232 -156.04100817
111  19.73629005 -156.04121968
111  19.73598159 -156.04124488
111  19.73599027 -156.04142319
111  19.73550125 -156.04145550
112  19.73530574 -156.04130256  19.73518182 -156.04130025
111  19.73530574 -156.04130256
111  19.73420762 -156.04139194
111  19.73419489 -156.04117213
111  19.73391073 -156.04119732
111  19.73390420 -156.04095711
111  19.73387811 -156.04096173
111  19.73386724 -156.04090398
112  19.73393178 -156.04074918  19.73392939 -156.04070345
111  19.73390547 -156.04069888
111  19.73359548 -156.04072067
111  19.73361288 -156.04092426
111  19.73302840 -156.04097085
111  19.73301227 -156.04077992
111  19.73289784 -156.04079417
111  19.73291093 -156.04098021
111  19.73291311 -156.04112803
111  19.73247772 -156.04115757
111  19.73251040 -156.04148638
111  19.72993117 -156.04171079
111  19.72991673 -156.04152145
111  19.72906735 -156.04160312
111  19.72909488 -156.04194201
111  19.72880652 -156.04196501
111  19.72880959 -156.04193300
111  19.72846295 -156.04196164
111  19.72840903 -156.04124247
111  19.72778123 -156.04128652
111  19.72784671 -156.04222350
111  19.72699632 -156.04229305
111  19.72696166 -156.04187572
111  19.72680981 -156.04189035
111  19.72678334 -156.04163251
111  19.72658254 -156.04165050
113  19.72660673 -156.04190363
111  19.72664733 -156.04131652
111  19.72601289 -156.04138161
112  19.72592000 -156.04152228  19.72592988 -156.04162517
111  19.72605045 -156.04161467
111  19.72667303 -156.04156848
114  19.72678766 -156.04143620  19.72678370 -156.04135011
111  19.72736013 -156.04129903
111  19.72776668 -156.04126439
111  19.72776451 -156.04122743
111  19.72725180 -156.04127632
111  19.72727156 -156.04159967
113  19.72738027 -156.04159127
112  19.72995715 -156.04115199  19.72995061 -156.04104787
111  19.72985751 -156.04105134
111  19.72971050 -156.04105829
111  19.72972030 -156.04122314
111  19.72987221 -156.04120926
113  19.72988201 -156.04129081
111  19.73012574 -156.04101562
112  19.73004921 -156.04114266  19.73006116 -156.04125952
111  19.73016161 -156.04125952
111  19.73015204 -156.04115790
111  19.73065186 -156.04111471
111  19.73066143 -156.04123666
111  19.73077383 -156.04122396
111  19.73076666 -156.04110201
111  19.73131431 -156.04105627
111  19.73132865 -156.04116806
112  19.73141475 -156.04103341  19.73141236 -156.04093178
113  19.73129278 -156.04090892
111  19.73157927 -156.04089567
112  19.73150404 -156.04102786  19.73150693 -156.04113238
111  19.73160242 -156.04114468
111  19.73164872 -156.04113545
111  19.73164004 -156.04100019
111  19.73220431 -156.04095715
111  19.73221878 -156.04108627
111  19.73226219 -156.04108319
112  19.73234032 -156.04095408  19.73233164 -156.04085570
113  19.73222457 -156.04084033
112  19.73332218 -156.04043931  19.73326001 -156.04024622
111  19.73332218 -156.04043931
112  19.73332218 -156.04043931  19.73328631 -156.04065273
111  19.73308782 -156.04072133
113  19.73356851 -156.04068576
111  19.73251147 -156.04082295
112  19.73245407 -156.04090425  19.73246061 -156.04095978
111  19.73245407 -156.04090425
111  19.73245886 -156.04099826
112  19.73245886 -156.04099826  19.73246866 -156.04106247
111  19.73250027 -156.04106754
111  19.73253299 -156.04106686
111  19.73252354 -156.04092098
111  19.73259039 -156.04091696
113  19.73258561 -156.04082295
111  19.73368958 -156.03988291
112  19.73338846 -156.04029953  19.73340947 -156.04054503
111  19.73368975 -156.04060963
111  19.73389103 -156.04059693
112  19.73393818 -156.04052272  19.73392861 -156.04046682
111  19.73393818 -156.04052272
113  19.73388215 -156.03986803
111  19.73884016 -156.04016968
112  19.73913778 -156.03977165  19.73912377 -156.03948894
111  19.73913778 -156.03977165
112  19.73913778 -156.03977165  19.73912377 -156.03959681
111  19.73898722 -156.03953730
111  19.73396364 -156.03987582
111  19.73400916 -156.04053423
113  19.73412821 -156.04059747
111  19.73928087 -156.03983403
112  19.73928087 -156.03983403  19.73927609 -156.04017449
111  19.73899150 -156.04023039
113  19.73931435 -156.04021261
110 1 0.25 185.0000 lib/airport/pavement/asphalt_1D.pol
111  19.73251040 -156.04148638
111  19.73258722 -156.04242652
111  19.73183492 -156.04249040
111  19.73122716 -156.04254226
111  19.72870713 -156.04275600
111  19.72860875 -156.04268837
111  19.72860875 -156.04265455
111  19.72884742 -156.04262372
111  19.72880652 -156.04196501
111  19.72909488 -156.04194201
111  19.72993672 -156.04187199
113  19.72993117 -156.04171079
111  19.73152760 -156.04179524
111  19.73155071 -156.04215940
111  19.73188194 -156.04212667
113  19.73185312 -156.04176617
110 1 0.25 185.0000 lib/airport/pavement/asphalt_1D.pol
111  19.73939811 -156.04090356
111  19.73946949 -156.04183624
111  19.73912788 -156.04186466
111  19.73914782 -156.04218462
111  19.73916918 -156.04218111
111  19.73934311 -156.04230122
111  19.73934499 -156.04232431
111  19.73926125 -156.04233395
111  19.73927789 -156.04255298
111  19.73695830 -156.04274940
111  19.73683396 -156.04117310
111  19.73885812 -156.04096032
113  19.73934548 -156.04090910
111  19.73798632 -156.04120019
111  19.73802841 -156.04168369
111  19.73733655 -156.04173400
111  19.73729972 -156.04125888
111  19.73696300 -156.04128404
111  19.73702350 -156.04211968
111  19.73838618 -156.04200789
113  19.73831778 -156.04116945
110 1 0.25 185.0000 lib/airport/pavement/asphalt_1D.pol
111  19.74260113 -156.04270075
111  19.74260822 -156.04280947
111  19.74211770 -156.04285146
111  19.74211863 -156.04288392
111  19.74168677 -156.04292099
111  19.74168468 -156.04289346
111  19.74140439 -156.04291446
113  19.74139588 -156.04280806
110 1 0.25 0.0000 lib/airport/pavement/asphalt_5D.pol
111  19.72874443 -156.04392629
112  19.72845193 -156.04367234  19.72842597 -156.04342155
111  19.72845193 -156.04367234
111  19.72843838 -156.04348175
111  19.73228407 -156.04314976
111  19.73229275 -156.04330347
112  19.73229275 -156.04330347  19.73229275 -156.04351764
111  19.73201785 -156.04358014
113  19.73124718 -156.04370459
111  19.72854222 -156.04354188
112  19.72873986 -156.04373450  19.72892565 -156.04372190
111  19.72873986 -156.04373450
111  19.72877253 -156.04377788
111  19.73124086 -156.04357313
111  19.73202654 -156.04347422
112  19.73202654 -156.04347422  19.73220639 -156.04342173
113  19.73219805 -156.04323475
110 1 0.25 0.0000 lib/airport/pavement/asphalt_5D.pol
111  19.74159706 -156.04278776
111  19.73952363 -156.04297143
112  19.73920283 -156.04271019  19.73915641 -156.04244656
111  19.73920283 -156.04271019
112  19.73920283 -156.04271019  19.73919631 -156.04260394
111  19.73927789 -156.04255298
111  19.74139526 -156.04237094
112  19.74168085 -156.04257720  19.74171534 -156.04276147
111  19.74168085 -156.04257720
114  19.74168085 -156.04257720  19.74169558 -156.04271541
112  19.74137470 -156.04248471  19.74118990 -156.04248702
111  19.74137470 -156.04248471
111  19.73962708 -156.04262830
111  19.73982747 -156.04279664
113  19.74157044 -156.04261840
110 1 0.25 0.0000 lib/airport/pavement/asphalt_5D.pol
111  19.75507533 -156.04404319
111  19.75496191 -156.04405334
112  19.75509489 -156.04380567  19.75523811 -156.04373748
111  19.75509489 -156.04380567
111  19.75565785 -156.04338920
111  19.75561050 -156.04284136
111  19.75480261 -156.04212461
112  19.75480261 -156.04212461  19.75461781 -156.04168571
111  19.75430787 -156.04166180
111  19.74210853 -156.04274245
112  19.74195293 -156.04244339  19.74194803 -156.04222473
111  19.74195293 -156.04244339
111  19.74192892 -156.04211222
111  19.74075951 -156.04220768
112  19.74058444 -156.04199463  19.74057791 -156.04181241
111  19.74058444 -156.04199463
111  19.74194233 -156.04186035
112  19.74215490 -156.04213659  19.74216016 -156.04239930
111  19.74215490 -156.04213659
111  19.74218916 -156.04264457
111  19.75426872 -156.04158681
112  19.75426872 -156.04158681  19.75478398 -156.04162377
111  19.75487922 -156.04206712
111  19.75571342 -156.04282473
111  19.75576159 -156.04342883
111  19.75518214 -156.04385467
114  19.75518214 -156.04385467  19.75505638 -156.04394196
110 1 0.25 0.0000 lib/airport/pavement/asphalt_5D.pol
111  19.74275532 -156.04507774
111  19.74276400 -156.04513000
111  19.74244820 -156.04515751
112  19.74230745 -156.04504398  19.74220705 -156.04493838
111  19.74230745 -156.04504398
112  19.74230745 -156.04504398  19.74214962 -156.04486511
111  19.74212863 -156.04463582
111  19.74207622 -156.04401123
111  19.74212620 -156.04321748
112  19.74233928 -156.04302463  19.74254346 -156.04297951
111  19.74233928 -156.04302463
111  19.74291647 -156.04289248
111  19.75354203 -156.04195212
111  19.75432714 -156.04200979
112  19.75432714 -156.04200979  19.75446101 -156.04202757
111  19.75451605 -156.04216519
111  19.75466873 -156.04294757
111  19.75471608 -156.04357088
112  19.75461364 -156.04397601  19.75448088 -156.04415737
111  19.75461364 -156.04397601
112  19.75461364 -156.04397601  19.75458687 -156.04402224
111  19.75450837 -156.04409473
111  19.75424015 -156.04411583
111  19.75423479 -156.04402415
112  19.75458220 -156.04357850  19.75461121 -156.04319798
111  19.75458220 -156.04357850
111  19.75453560 -156.04288977
111  19.75441295 -156.04232323
112  19.75441295 -156.04232323  19.75439365 -156.04215914
111  19.75429092 -156.04214771
111  19.75346796 -156.04214332
111  19.75346796 -156.04210650
111  19.74300274 -156.04299775
111  19.74233758 -156.04312378
112  19.74233758 -156.04312378  19.74222488 -156.04314808
111  19.74222319 -156.04327682
111  19.74217659 -156.04401952
111  19.74222817 -156.04462852
114  19.74222817 -156.04462852  19.74226164 -156.04509295
110 1 0.25 0.0000 lib/airport/pavement/asphalt_5D.pol
111  19.73456263 -156.04265997
112  19.73456263 -156.04265997  19.73450652 -156.04272621
111  19.73439948 -156.04275031
111  19.73429635 -156.04275909
111  19.73400500 -156.04278389
111  19.73259381 -156.04290402
111  19.73258513 -156.04271035
112  19.73258513 -156.04271035  19.73258461 -156.04253585
111  19.73277901 -156.04251667
111  19.73403619 -156.04241316
111  19.73420389 -156.04239935
111  19.73455003 -156.04237085
112  19.73455003 -156.04237085  19.73458051 -156.04237159
111  19.73458997 -156.04240170
111  19.73416354 -156.04243824
111  19.73417294 -156.04262637
112  19.73417294 -156.04262637  19.73417709 -156.04268304
113  19.73420061 -156.04269567
111  19.73277934 -156.04256031
112  19.73263985 -156.04268004  19.73263266 -156.04279075
111  19.73276979 -156.04282408
111  19.73405257 -156.04270234
112  19.73410668 -156.04262118  19.73410398 -156.04255378
111  19.73410668 -156.04262118
113  19.73409395 -156.04244534
110 1 0.25 0.0000 lib/airport/pavement/asphalt_5D.pol
111  19.73470103 -156.04295979
111  19.73471058 -156.04311196
112  19.73471058 -156.04311196  19.73473688 -156.04337111
111  19.73441421 -156.04342404
111  19.73355275 -156.04350035
111  19.73277832 -156.04350884
112  19.73262224 -156.04331575  19.73261570 -156.04316304
111  19.73262224 -156.04331575
113  19.73260929 -156.04312762
111  19.73281929 -156.04317730
112  19.73269732 -156.04328909  19.73270450 -156.04337548
111  19.73280733 -156.04340851
111  19.73355826 -156.04337040
111  19.73442240 -156.04329164
112  19.73442240 -156.04329164  19.73464241 -156.04326623
113  19.73460176 -156.04302741
110 1 0.25 0.0000 lib/airport/pavement/asphalt_5D.pol
111  19.72846367 -156.04326392
111  19.72845462 -156.04318467
111  19.73216868 -156.04286619
112  19.73193193 -156.04259790  19.73172775 -156.04255278
111  19.73193193 -156.04259790
111  19.73122716 -156.04254226
111  19.73183492 -156.04249040
112  19.73227429 -156.04284606  19.73235928 -156.04319252
111  19.73227429 -156.04284606
113  19.73227853 -156.04294508
110 1 0.25 0.0000 lib/airport/pavement/asphalt_5D.pol
111  19.73720879 -156.04562395
111  19.73690889 -156.04564911
112  19.73681341 -156.04555431  19.73675036 -156.04548039
111  19.73681341 -156.04555431
112  19.73681341 -156.04555431  19.73665087 -156.04538416
111  19.73663459 -156.04514615
111  19.73658217 -156.04452156
111  19.73663216 -156.04372781
112  19.73663216 -156.04372781  19.73664957 -156.04353958
111  19.73684524 -156.04353496
111  19.73732517 -156.04338730
111  19.74084441 -156.04307585
111  19.74150934 -156.04310528
112  19.74150934 -156.04310528  19.74166369 -156.04311221
111  19.74169974 -156.04329217
111  19.74186972 -156.04403526
111  19.74192308 -156.04464632
112  19.74179016 -156.04511606  19.74164015 -156.04530316
111  19.74179016 -156.04511606
112  19.74179016 -156.04511606  19.74175973 -156.04516688
111  19.74168548 -156.04523241
111  19.74147309 -156.04524142
112  19.74182473 -156.04466977  19.74183283 -156.04425672
111  19.74182473 -156.04466977
111  19.74177813 -156.04403961
111  19.74162561 -156.04335094
112  19.74148580 -156.04321140  19.74137927 -156.04320678
111  19.74148580 -156.04321140
111  19.74086301 -156.04320240
111  19.73733627 -156.04348150
111  19.73692531 -156.04359853
112  19.73671543 -156.04379060  19.73667195 -156.04395690
111  19.73671543 -156.04379060
111  19.73668382 -156.04450774
111  19.73673213 -156.04514507
114  19.73673213 -156.04514507  19.73680786 -156.04561835
110 1 0.25 0.0000 lib/airport/pavement/asphalt_5D.pol
111  19.72956069 -156.04623902
111  19.72957467 -156.04631328
111  19.72909322 -156.04635073
112  19.72773956 -156.04593368  19.72693721 -156.04564024
111  19.72773956 -156.04593368
111  19.72705547 -156.04557416
112  19.72679705 -156.04505114  19.72675034 -156.04465029
111  19.72679705 -156.04505114
111  19.72687308 -156.04449664
112  19.72705459 -156.04433180  19.72718935 -156.04431653
111  19.72705459 -156.04433180
111  19.72728382 -156.04427664
111  19.73548779 -156.04355004
111  19.73601529 -156.04361561
112  19.73601529 -156.04361561  19.73617791 -156.04363594
111  19.73620570 -156.04380250
111  19.73637568 -156.04454559
111  19.73642904 -156.04515665
112  19.73629612 -156.04562639  19.73615980 -156.04578137
111  19.73629612 -156.04562639
112  19.73629612 -156.04562639  19.73625373 -156.04568817
111  19.73621579 -156.04571687
111  19.73594850 -156.04573877
112  19.73631642 -156.04521422  19.73633672 -156.04480205
111  19.73631642 -156.04521422
111  19.73625077 -156.04458179
111  19.73611137 -156.04387248
111  19.73597156 -156.04371900
111  19.73548688 -156.04368434
111  19.73255273 -156.04393175
111  19.73269096 -156.04602426
111  19.73257025 -156.04603566
111  19.73240655 -156.04389455
111  19.72918786 -156.04417451
111  19.72918786 -156.04421906
111  19.72730508 -156.04436759
111  19.72710935 -156.04441710
112  19.72710935 -156.04441710  19.72700154 -156.04443809
111  19.72695556 -156.04451116
111  19.72690429 -156.04502605
112  19.72690429 -156.04502605  19.72691328 -156.04533528
111  19.72713731 -156.04550629
114  19.72845153 -156.04607564  19.72895924 -156.04621817
110 1 0.25 95.0000 A
111  19.75480261 -156.04212461 53 102
111  19.75561050 -156.04284136 53 102
111  19.75565785 -156.04338920 53 102
111  19.75509490 -156.04380567 53 102
112  19.75496586 -156.04404017  19.75497416 -156.04421358
111  19.75496586 -156.04404017 53 102
111  19.75497283 -156.04415477
111  19.75422678 -156.04421935 53 102
112  19.75461364 -156.04397601  19.75474283 -156.04378352 53 102
111  19.75471608 -156.04357088 53 102
111  19.75466873 -156.04294757 53 102
113  19.75451605 -156.04216519
110 1 0.25 185.0000 A
111  19.75480261 -156.04212461
111  19.75451605 -156.04216519 53 102
112  19.75432713 -156.04200979  19.75419326 -156.04199201
111  19.75432713 -156.04200979 53 102
111  19.75354203 -156.04195212 53 102
111  19.74291647 -156.04289248
111  19.74084441 -156.04307585 53 102
111  19.73732517 -156.04338730
111  19.73548779 -156.04355004 53 102
111  19.72728382 -156.04427664
111  19.72600688 -156.04438968 53 102
111  19.72465742 -156.04450915 53 102
111  19.72400171 -156.04464778
111  19.72399511 -156.04434700 53 102
111  19.72430601 -156.04432454
111  19.72522617 -156.04424303 53 102
111  19.72650512 -156.04412466
111  19.72672607 -156.04410508 53 102
111  19.72786660 -156.04400405
111  19.72874443 -156.04392629 53 102
111  19.73124718 -156.04370459
111  19.73355275 -156.04350035 53 102
111  19.73441421 -156.04342404
111  19.73952363 -156.04297143 53 102
111  19.74159706 -156.04278776
111  19.74210853 -156.04274245 53 102
111  19.75430787 -156.04166180
114  19.75430787 -156.04166180  19.75466376 -156.04167958 53 102
111  19.74139588 -156.04280806
111  19.74140439 -156.04291446
111  19.74168468 -156.04289346
111  19.74168677 -156.04292099
111  19.74211863 -156.04288391
111  19.74211770 -156.04285146
111  19.74260822 -156.04280947
113  19.74260113 -156.04270075
110 1 0.25 95.0000 A
111  19.72400171 -156.04464778 53 102
112  19.72383114 -156.04489582  19.72381928 -156.04507218
111  19.72383114 -156.04489582 53 102
111  19.72381102 -156.04565172 53 102
111  19.72385732 -156.04623272 53 102
112  19.72402898 -156.04665371  19.72415573 -156.04684425 53 102
111  19.72449104 -156.04685817
111  19.72368420 -156.04692793 53 102
111  19.72365766 -156.04653232 53 102
112  19.72347825 -156.04619418  19.72332998 -156.04609764
111  19.72347825 -156.04619418 53 102
111  19.72285321 -156.04588371 53 102
111  19.72280401 -156.04532731 53 102
111  19.72348984 -156.04461806 53 102
111  19.72356795 -156.04453728
112  19.72356795 -156.04453728  19.72376560 -156.04436721 53 102
113  19.72399511 -156.04434700
110 1 0.25 155.0000 C
111  19.72743982 -156.04659789 53 102
112  19.72767813 -156.04640883  19.72772876 -156.04627001 53 102
111  19.72763369 -156.04615869 53 102
111  19.72704338 -156.04582361
112  19.72704338 -156.04582361  19.72666606 -156.04561885 53 102
111  19.72659449 -156.04512492
111  19.72679705 -156.04505114 53 102
112  19.72705547 -156.04557416  19.72727435 -156.04570604
111  19.72705547 -156.04557416 53 102
111  19.72773956 -156.04593368
112  19.72773956 -156.04593368  19.72877719 -156.04631582 53 102
113  19.72950395 -156.04641464
110 1 0.25 95.0000 C
111  19.72728382 -156.04427664 53 102
111  19.72705459 -156.04433180
112  19.72705459 -156.04433180  19.72691265 -156.04435661 53 102
111  19.72687308 -156.04449664 53 102
111  19.72679705 -156.04505114
111  19.72659449 -156.04512492 53 102
111  19.72645560 -156.04459310 53 102
112  19.72626172 -156.04440558  19.72611798 -156.04439603
111  19.72626172 -156.04440558 53 102
113  19.72600688 -156.04438968
110 1 0.25 95.0000 H
111  19.73732517 -156.04338730 53 102
111  19.73684524 -156.04353496
112  19.73684524 -156.04353496  19.73666044 -156.04356498 53 102
111  19.73663216 -156.04372781 53 102
111  19.73658217 -156.04452156 53 102
111  19.73663459 -156.04514615 53 102
112  19.73681341 -156.04555431  19.73697125 -156.04573318 53 102
111  19.73725934 -156.04572781
111  19.73589758 -156.04584750 53 102
112  19.73629612 -156.04562639  19.73643291 -156.04543913 53 102
111  19.73642904 -156.04515665 53 102
111  19.73637568 -156.04454559 53 102
111  19.73620570 -156.04380250 53 102
112  19.73601529 -156.04361561  19.73586093 -156.04360868
111  19.73601529 -156.04361561 53 102
113  19.73548779 -156.04355004
110 1 0.25 95.0000 G
111  19.74291647 -156.04289248 53 102
111  19.74233928 -156.04302463
112  19.74233928 -156.04302463  19.74215448 -156.04305466 53 102
111  19.74212620 -156.04321748 53 102
111  19.74207622 -156.04401123 53 102
111  19.74212863 -156.04463582 53 102
112  19.74230745 -156.04504398  19.74246529 -156.04522285 53 102
111  19.74275121 -156.04524058
111  19.74138944 -156.04536027 53 102
112  19.74179016 -156.04511606  19.74192696 -156.04492881 53 102
111  19.74192308 -156.04464632 53 102
111  19.74186972 -156.04403526 53 102
111  19.74169974 -156.04329217 53 102
112  19.74150934 -156.04310528  19.74135498 -156.04309835
111  19.74150934 -156.04310528 53 102
113  19.74084441 -156.04307585
110 1 0.25 185.0000 Apron
111  19.74159706 -156.04278776 53 102
112  19.74168085 -156.04257720  19.74166613 -156.04243900
111  19.74168085 -156.04257720
112  19.74168085 -156.04257720  19.74165754 -156.04240379 53 102
111  19.74139526 -156.04237094 53 102
111  19.73927789 -156.04255298
111  19.73926125 -156.04233395
111  19.73934500 -156.04232431
111  19.73934311 -156.04230122
111  19.73916918 -156.04218111
111  19.73914782 -156.04218462
111  19.73912787 -156.04186467
111  19.73946949 -156.04183624
111  19.73939811 -156.04090356
111  19.73942440 -156.04090177
111  19.73984592 -156.04087298
111  19.73983084 -156.04070773
111  19.73980772 -156.04045432
111  19.74081039 -156.04036572
111  19.74091225 -156.04135996
111  19.74054301 -156.04139039
111  19.74055665 -156.04158926
111  19.74057234 -156.04181817
111  19.74058444 -156.04199463
112  19.74058444 -156.04199463  19.74061075 -156.04219027 53 102
111  19.74075951 -156.04220768 53 102
111  19.74192892 -156.04211222 53 102
111  19.74195293 -156.04244339
112  19.74195293 -156.04244339  19.74197011 -156.04264809 53 102
113  19.74210853 -156.04274245
110 1 0.25 185.0000 Apron
111  19.72430601 -156.04432454 53 102
112  19.72455831 -156.04394605  19.72455667 -156.04367188
111  19.72455831 -156.04394605 53 102
111  19.72453905 -156.04318502 53
111  19.72441965 -156.04165886
111  19.72448736 -156.04165370
111  19.72448624 -156.04160717
111  19.72462105 -156.04159707
111  19.72461830 -156.04152881
111  19.72491265 -156.04150748
111  19.72497427 -156.04246490
111  19.72567140 -156.04241171
111  19.72566369 -156.04234215
111  19.72585858 -156.04232552
111  19.72583368 -156.04196573
111  19.72660673 -156.04190363
111  19.72661502 -156.04198619
111  19.72681576 -156.04197218
111  19.72680981 -156.04189035
111  19.72696165 -156.04187572
111  19.72699632 -156.04229306
111  19.72784671 -156.04222350
111  19.72778123 -156.04128652
111  19.72840903 -156.04124247
111  19.72846295 -156.04196164
111  19.72880959 -156.04193300
111  19.72880652 -156.04196501
111  19.72884742 -156.04262372
111  19.72860875 -156.04265455
111  19.72860875 -156.04268837
111  19.72870713 -156.04275600
111  19.72840843 -156.04278016
111  19.72845462 -156.04318467
111  19.72846367 -156.04326392 53 102
111  19.73227853 -156.04294508 53 102
111  19.73227429 -156.04284606
112  19.73227429 -156.04284606  19.73218930 -156.04249961 53 102
111  19.73183492 -156.04249041
111  19.73258722 -156.04242652
111  19.73251040 -156.04148638
111  19.73247773 -156.04115757
111  19.73291311 -156.04112803
111  19.73291093 -156.04098021
111  19.73302839 -156.04097084
111  19.73361288 -156.04092426
111  19.73386724 -156.04090398
111  19.73387812 -156.04096173
111  19.73390420 -156.04095711
111  19.73391073 -156.04119732
111  19.73419489 -156.04117213
111  19.73420762 -156.04139194
111  19.73530574 -156.04130256
112  19.73530574 -156.04130256  19.73545853 -156.04129579
111  19.73550126 -156.04145550
111  19.73599027 -156.04142319
111  19.73598159 -156.04124488
111  19.73629005 -156.04121967
111  19.73640232 -156.04100817
111  19.73681647 -156.04097143
111  19.73683396 -156.04117310
111  19.73695830 -156.04274940
111  19.73927789 -156.04255298 53 102
112  19.73920283 -156.04271019  19.73920936 -156.04281644
111  19.73920283 -156.04271019
112  19.73920283 -156.04271019  19.73923544 -156.04295734 53 102
111  19.73952363 -156.04297143
111  19.73441421 -156.04342404
111  19.73355275 -156.04350035
111  19.73124718 -156.04370459
111  19.72874443 -156.04392629
111  19.72786660 -156.04400405
111  19.72672607 -156.04410508
111  19.72650512 -156.04412466
113  19.72522617 -156.04424303
111  19.72650512 -156.04412466 53 102
111  19.72649316 -156.04396611 53 102
112  19.72620642 -156.04373387  19.72600877 -156.04372866
111  19.72620642 -156.04373387 53 102
111  19.72503301 -156.04383134 53 102
112  19.72492351 -156.04395484  19.72492944 -156.04406402
111  19.72492351 -156.04395484
112  19.72492351 -156.04395484  19.72494328 -156.04424249 53 102
113  19.72522617 -156.04424303
111  19.72786660 -156.04400405 53 102
112  19.72812060 -156.04368425  19.72811190 -156.04349717
111  19.72812060 -156.04368425
112  19.72812060 -156.04368425  19.72811190 -156.04352258 53 102
111  19.72802627 -156.04351179 53 102
111  19.72699495 -156.04359633
112  19.72699495 -156.04359633  19.72672319 -156.04362866 53 102
111  19.72671251 -156.04392929 53 102
113  19.72672607 -156.04410508
111  19.73124718 -156.04370459 53 102
111  19.73201785 -156.04358014 53 102
112  19.73229275 -156.04330347  19.73229275 -156.04308930
111  19.73229275 -156.04330347 53 102
111  19.73228407 -156.04314976 53 102
111  19.72843838 -156.04348175 53 102
111  19.72845193 -156.04367234
112  19.72845193 -156.04367234  19.72847368 -156.04391590 53 102
113  19.72874443 -156.04392629
111  19.73441421 -156.04342404 53 102
112  19.73471058 -156.04311196  19.73470069 -156.04286839
111  19.73471058 -156.04311196 53 102
111  19.73470103 -156.04295979 53 102
111  19.73260929 -156.04312762 53 102
111  19.73262224 -156.04331575
112  19.73262224 -156.04331575  19.73262877 -156.04346846 53 102
111  19.73277832 -156.04350884 53 102
113  19.73355275 -156.04350035
111  19.73439948 -156.04275031 53 102
112  19.73460649 -156.04256893  19.73461540 -156.04243957
111  19.73460649 -156.04256893 53 102
111  19.73460493 -156.04243982 53 102
112  19.73455003 -156.04237085  19.73450993 -156.04237243
111  19.73455003 -156.04237085 53 102
111  19.73420389 -156.04239935 53
111  19.73403619 -156.04241316 53 102
111  19.73277901 -156.04251667 53 102
112  19.73258513 -156.04271035  19.73258810 -156.04287441
111  19.73258513 -156.04271035 53 102
111  19.73259381 -156.04290402 53 102
111  19.73400500 -156.04278389 53
113  19.73429635 -156.04275909 53 102
111  19.73607851 -156.04135741
111  19.73610547 -156.04184024
111  19.73542760 -156.04189753
111  19.73538909 -156.04141469
111  19.73505400 -156.04144334
111  19.73513104 -156.04229034
111  19.73647522 -156.04215940
113  19.73641359 -156.04132877
110 2 0.25 185.0000 Pad
111  19.73185312 -156.04176617
111  19.73188194 -156.04212667
111  19.73155071 -156.04215940
113  19.73152760 -156.04179524
110 2 0.25 185.0000 Pad
111  19.73607851 -156.04135741
111  19.73641359 -156.04132877
111  19.73647522 -156.04215940
111  19.73513104 -156.04229034
111  19.73505400 -156.04144334
111  19.73538909 -156.04141469
111  19.73542760 -156.04189753
113  19.73610547 -156.04184024
110 2 0.25 185.0000 Pad
111  19.73798632 -156.04120019
111  19.73831778 -156.04116945
111  19.73838618 -156.04200789
111  19.73702350 -156.04211968
111  19.73696300 -156.04128404
111  19.73729972 -156.04125888
111  19.73733655 -156.04173400
113  19.73802841 -156.04168369
130 Airport Boundary
111  19.71582559 -156.04904121
111  19.71510850 -156.04205888
111  19.73303513 -156.04055444
111  19.73336957 -156.03978586
111  19.73681943 -156.03951043
111  19.73669663 -156.03795969
111  19.73880871 -156.03774575
111  19.73894168 -156.03929860
111  19.74103938 -156.03956600
111  19.74119543 -156.04147872
111  19.74409131 -156.04123857
111  19.74400476 -156.04026386
111  19.74544428 -156.04015097
111  19.74553335 -156.04118893
111  19.76457786 -156.03946213
113  19.76495562 -156.04526434
120 RH
111  19.75494031 -156.04355461 56
111  19.75491133 -156.04319684 56
115  19.75569431 -156.04312982
120 RH
111  19.72349710 -156.04626429 54
111  19.72361518 -156.04625616 54
111  19.72392401 -156.04623490
111  19.72706395 -156.04591076 54
111  19.72721451 -156.04557227
111  19.73633809 -156.04518172 54
111  19.73670223 -156.04515568
111  19.74183955 -156.04466093 54
111  19.74221069 -156.04462001
111  19.75464881 -156.04358003 54
111  19.75494031 -156.04355461 54
115  19.75558718 -156.04349818
120 TL
111  19.75480132 -156.04417725 51
116  19.75485597 -156.04396147  19.75485237 -156.04380493
120 TH
111  19.74211230 -156.04342527 55
111  19.74173567 -156.04345396
111  19.73662554 -156.04388748 55
115  19.73623203 -156.04392906
120 TL
111  19.72391742 -156.04690293 51
112  19.72373366 -156.04643448  19.72369609 -156.04606661
111  19.72373366 -156.04643448 51
111  19.72371931 -156.04625451
111  19.72371832 -156.04624199 51 59
111  19.72368151 -156.04578014 51
111  19.72361818 -156.04498561
112  19.72361818 -156.04498561  19.72359905 -156.04468075 51
115  19.72385703 -156.04450858
120 TL
111  19.72768658 -156.04602575 51
111  19.72714487 -156.04574639
111  19.72712855 -156.04573797 51 59
111  19.72702350 -156.04568380 51 59
112  19.72681004 -156.04543957  19.72672021 -156.04529033 51
111  19.72669823 -156.04508238 51
115  19.72665600 -156.04454439
120 TL
111  19.72371832 -156.04624199 51 59
112  19.72361233 -156.04613499  19.72353949 -156.04609287
111  19.72361233 -156.04613499 51 59
111  19.72333265 -156.04599929 51
115  19.72316689 -156.04591886
120 TL
111  19.75485597 -156.04396147 51
112  19.75491646 -156.04382385  19.75495818 -156.04377039
111  19.75491646 -156.04382385 51
111  19.75513059 -156.04355311 51 59
111  19.75515768 -156.04351886 51 59
111  19.75535267 -156.04327232 51 59
112  19.75537916 -156.04317129  19.75537589 -156.04311749
111  19.75537916 -156.04317129 51
111  19.75537849 -156.04316132
111  19.75537793 -156.04315306 51
111  19.75535876 -156.04286967
112  19.75535876 -156.04286967  19.75532609 -156.04270827 51
111  19.75521712 -156.04263700 51
111  19.75481645 -156.04227811
112  19.75481645 -156.04227811  19.75474666 -156.04223235 51
115  19.75471071 -156.04215402
120 TL
111  19.75485597 -156.04396147 51
111  19.75482366 -156.04357123
111  19.75482266 -156.04355871 51 59
111  19.75478586 -156.04309686 51
115  19.75471071 -156.04215402
120 TL
111  19.74204839 -156.04493959 51
111  19.74202506 -156.04464689
111  19.74202406 -156.04463437 51 59
111  19.74198725 -156.04417252 51
115  19.74190974 -156.04319999
120 TL
111  19.73654329 -156.04546855 51
111  19.73651996 -156.04517584
111  19.73651896 -156.04516332 51 59
111  19.73648216 -156.04470148 51
115  19.73639605 -156.04362116
120 TL
111  19.72693448 -156.04419909 51
112  19.72665600 -156.04454439  19.72662491 -156.04484674
111  19.72665600 -156.04454439
112  19.72665600 -156.04454439  19.72660578 -156.04425473 51
115  19.72636677 -156.04424946
120 TL
111  19.73663330 -156.04333847 51
112  19.73639605 -156.04362116  19.73635844 -156.04386809
111  19.73639605 -156.04362116
112  19.73639605 -156.04362116  19.73635018 -156.04338926 51
115  19.73610685 -156.04338518
120 TL
111  19.72500759 -156.04437007 51
112  19.72476186 -156.04419816  19.72470876 -156.04402054
111  19.72476186 -156.04419816
112  19.72476186 -156.04419816  19.72474224 -156.04438146 51
115  19.72456526 -156.04440932
120 TL
111  19.72858612 -156.04405253 51
112  19.72830592 -156.04383218  19.72824913 -156.04362849
111  19.72830592 -156.04383218
112  19.72830592 -156.04383218  19.72828139 -156.04405069 51
115  19.72807346 -156.04409802
120 TL
111  19.73281171 -156.04367757 51
112  19.73245360 -156.04326829  19.73239088 -156.04290711
111  19.73245360 -156.04326829
112  19.73245360 -156.04326829  19.73242907 -156.04363167 51
115  19.73208044 -156.04374246
120 TL
111  19.73535944 -156.04345150 51
112  19.73500760 -156.04319784  19.73497237 -156.04296360
111  19.73500760 -156.04319784
112  19.73500760 -156.04319784  19.73499744 -156.04344116 51
115  19.73473854 -156.04350660
120 TL
111  19.73500041 -156.04307372 51
112  19.73465700 -156.04284488  19.73437002 -156.04285504
111  19.73465700 -156.04284488 51
111  19.73261277 -156.04301711
111  19.73227302 -156.04304574 51
111  19.72845538 -156.04336739
112  19.72845538 -156.04336739  19.72829707 -156.04338173 51
115  19.72828124 -156.04359321
120 TL
111  19.73500760 -156.04319784 51
111  19.73500041 -156.04307372 51
111  19.73497002 -156.04254868
112  19.73497002 -156.04254868  19.73494666 -156.04230816 51
111  19.73476196 -156.04229461 51
111  19.73263543 -156.04246484 51
111  19.73217148 -156.04239624 51
111  19.72995221 -156.04257504 51
111  19.72967053 -156.04259774 51
111  19.72943351 -156.04261683 51
111  19.72938340 -156.04262087 51
111  19.72915990 -156.04263888 51
111  19.72903661 -156.04264881 51
111  19.72880982 -156.04266708 51
111  19.72835574 -156.04270367 51
112  19.72820986 -156.04290183  19.72821966 -156.04305627
111  19.72820986 -156.04290183 51
111  19.72824113 -156.04320471 51
111  19.72828124 -156.04359321 51
115  19.72830592 -156.04383218
120 TL
111  19.74185855 -156.04275811 51
111  19.74183831 -156.04257937 51
112  19.74139287 -156.04225964  19.74100545 -156.04229013
111  19.74139287 -156.04225964 51
115  19.73916949 -156.04244563
120 TL
111  19.73909120 -156.04286440 51
111  19.73902367 -156.04196418 51
112  19.73871427 -156.04148679  19.73848428 -156.04139326
111  19.73871427 -156.04148679 51
115  19.73840498 -156.04140883
120 TL
111  19.73842684 -156.04317932 51
116  19.73875277 -156.04268652  19.73876234 -156.04228254
120 TL
111  19.73919398 -156.04303403 51
111  19.73875277 -156.04268652 51
115  19.73826390 -156.04202806
120 TL
111  19.73938783 -156.04309405 51
112  19.73919398 -156.04303403  19.73912648 -156.04297666 51
111  19.73908431 -156.04287045
112  19.73908431 -156.04287045  19.73905978 -156.04308895 51
115  19.73881844 -156.04314457
120 TL
111  19.74220343 -156.04284421 51
112  19.74190974 -156.04319999  19.74187865 -156.04350234
111  19.74190974 -156.04319999
112  19.74190974 -156.04319999  19.74185952 -156.04291034 51
115  19.74154883 -156.04290229
120 TL
111  19.72385703 -156.04450858 51
111  19.72401766 -156.04445791 51
111  19.72456526 -156.04440932 51
111  19.72500759 -156.04437007 51
111  19.72636677 -156.04424946 51
111  19.72693448 -156.04419909 51
111  19.72807346 -156.04409802 51
111  19.72858612 -156.04405253 51
111  19.73208044 -156.04374246 51
111  19.73281171 -156.04367757 51
111  19.73473854 -156.04350660 51
111  19.73535944 -156.04345150 51
111  19.73610685 -156.04338518 51
111  19.73663330 -156.04333847 51
111  19.73842684 -156.04317932 51
111  19.73881844 -156.04314457 51
111  19.73938783 -156.04309405 51
111  19.74154883 -156.04290229 51
111  19.74220343 -156.04284421 51
111  19.75409338 -156.04178916
112  19.75409338 -156.04178916  19.75456080 -156.04176837 51
115  19.75471071 -156.04215402
120 TL
111  19.72316689 -156.04591886 51
112  19.72309169 -156.04581372  19.72308026 -156.04573564
111  19.72309169 -156.04581372 51
111  19.72305016 -156.04532588 51
112  19.72309887 -156.04516589  19.72314950 -156.04509475
111  19.72309887 -156.04516589 51
111  19.72361573 -156.04464182 51
115  19.72385703 -156.04450858
120 TL
111  19.73021611 -156.04655534 51
111  19.72966941 -156.04660380 51
116  19.72768658 -156.04602575  19.72631754 -156.04541572
120 TL
111  19.73757995 -156.04590308 51
111  19.73703325 -156.04595155 51
112  19.73654329 -156.04546855  19.73639624 -156.04496150
111  19.73654329 -156.04546855
112  19.73654329 -156.04546855  19.73644583 -156.04600856 51
111  19.73612121 -156.04602871 51
115  19.73557499 -156.04608069
120 TL
111  19.74309403 -156.04541302 51
111  19.74254734 -156.04546148 51
112  19.74204965 -156.04494026  19.74190655 -156.04442272
111  19.74204965 -156.04494026
112  19.74204965 -156.04494026  19.74200358 -156.04550127 51
111  19.74166189 -156.04554116 51
115  19.74111519 -156.04558962
120 TL
111  19.73263543 -156.04246484 51
116  19.73241654 -156.04269882  19.73239833 -156.04290725
120 TL
111  19.73245360 -156.04326829 51
111  19.73241654 -156.04269882 51
111  19.73241323 -156.04264791
112  19.73241323 -156.04264791  19.73240605 -156.04245990 51
115  19.73217148 -156.04239624
120 TL
111  19.72602917 -156.04358958 51
112  19.72616097 -156.04335535  19.72618923 -156.04316596
111  19.72616097 -156.04335535
112  19.72616097 -156.04335535  19.72621967 -156.04353550 51
115  19.72639998 -156.04355352
120 TL
111  19.72616097 -156.04335535 51
111  19.72610020 -156.04249153 51
111  19.72597288 -156.04220257 51
112  19.72603943 -156.04208555  19.72612042 -156.04207981
111  19.72603943 -156.04208555 51
111  19.72623620 -156.04206423 51
112  19.72629697 -156.04220564  19.72624432 -156.04232180
111  19.72629697 -156.04220564 51
115  19.72610020 -156.04249153
120 TL
111  19.72690902 -156.04350741 51
112  19.72660385 -156.04388633  19.72657341 -156.04420505
111  19.72660385 -156.04388633
112  19.72660385 -156.04388633  19.72653863 -156.04357222 51
115  19.72629506 -156.04356475
120 TL
111  19.72807332 -156.04339869 51
111  19.72690902 -156.04350741 51
111  19.72639998 -156.04355352 51
111  19.72629506 -156.04356475 51
111  19.72602917 -156.04358958 51
115  19.72489712 -156.04369529
120 TL
111  19.72661991 -156.04411405 51
115  19.72660385 -156.04388633
120 TL
111  19.72473762 -156.04389755 51
112  19.72489712 -156.04369529  19.72504931 -156.04365749
111  19.72489712 -156.04369529
112  19.72489712 -156.04369529  19.72473506 -156.04367219 51
115  19.72471067 -156.04356330
120 TL
111  19.72476186 -156.04419816 51
111  19.72473762 -156.04389755 51
111  19.72471067 -156.04356330 51
115  19.72455760 -156.04166463
120 TL
111  19.72828124 -156.04359321 51
112  19.72807332 -156.04339869  19.72790393 -156.04339797
111  19.72807332 -156.04339869
112  19.72807332 -156.04339869  19.72823506 -156.04334749 51
115  19.72824113 -156.04320471
120 TL
111  19.72880982 -156.04266708 51
112  19.72891748 -156.04248694  19.72894851 -156.04234639
111  19.72891748 -156.04248694
112  19.72891748 -156.04248694  19.72894851 -156.04262403 51
115  19.72903661 -156.04264881
120 TL
111  19.72915990 -156.04263888 51
112  19.72926376 -156.04246091  19.72929480 -156.04232036
111  19.72926376 -156.04246091
112  19.72926376 -156.04246091  19.72929480 -156.04259800 51
115  19.72938340 -156.04262087
120 TL
111  19.72943351 -156.04261683 51
112  19.72954471 -156.04244183  19.72957574 -156.04230127
111  19.72954471 -156.04244183
112  19.72954471 -156.04244183  19.72957574 -156.04257891 51
115  19.72967053 -156.04259774
120 TL
111  19.72891748 -156.04248694 51
115  19.72888154 -156.04203230
120 TL
111  19.72926376 -156.04246091 51
115  19.72922783 -156.04200627
120 TL
111  19.72954471 -156.04244183 51
115  19.72950877 -156.04198718
120 TL
111  19.72979299 -156.04198371 51
111  19.72982239 -156.04242794
112  19.72982239 -156.04242794  19.72983219 -156.04256156 51
115  19.72995221 -156.04257504
120 TB
111  19.75491133 -156.04319684 59
115  19.75480261 -156.04212461
120 TH
111  19.72455831 -156.04394605 55
115  19.72492623 -156.04391742
120 TH
111  19.72683585 -156.04472874 55
115  19.72649775 -156.04475138
120 TH
111  19.72626515 -156.04372696 55
115  19.72680674 -156.04367889
120 TH
111  19.74142808 -156.04236680 55
115  19.74194010 -156.04231964
120 TH
111  19.72803685 -156.04351494 55
115  19.72843838 -156.04348175
120 TH
111  19.73470103 -156.04295979 55
115  19.73927789 -156.04255298
120 TH
111  19.73228407 -156.04314976 55
115  19.73260929 -156.04312762
120 TB
111  19.73193550 -156.04317648 55
115  19.73192277 -156.04297562
120 TB
111  19.73290396 -156.04287947 55
115  19.73291723 -156.04310445
120 TB
111  19.72361518 -156.04625616 59
115  19.72348984 -156.04461806
120 TB
111  19.73183492 -156.04249041 53 102
111  19.73122716 -156.04254226 53 102
111  19.72837507 -156.04278562 53 102
112  19.72831529 -156.04287962  19.72832345 -156.04294903
111  19.72831529 -156.04287962 53 102
111  19.72834801 -156.04315568
112  19.72834801 -156.04315568  19.72836924 -156.04325806 53 102
115  19.72846367 -156.04326392
120 TB
111  19.74075951 -156.04220768 59
115  19.73970011 -156.04229558
120 TB
111  19.73970011 -156.04229558 53
111  19.73966177 -156.04182596 53
111  19.73926837 -156.04185965 53 102
112  19.73914217 -156.04199227  19.73914662 -156.04208535
111  19.73914217 -156.04199227 53 102
111  19.73914365 -156.04208150
112  19.73914365 -156.04208150  19.73917484 -156.04231972 53 102
113  19.73949368 -156.04231941 53 102
120 RM
111  19.72782776 -156.04226266 22
111  19.72635718 -156.04239116
111  19.72628580 -156.04246453 22
115  19.72636550 -156.04347689
120 RM
111  19.72783119 -156.04229644 20
111  19.72631368 -156.04242578 20
111  19.72639195 -156.04349282
111  19.72633759 -156.04350205 20
111  19.72625063 -156.04236111
111  19.72631472 -156.04235572 20
115  19.72781814 -156.04222946
120 RM
111  19.73248495 -156.04155661 22
111  19.73253446 -156.04226200 22
112  19.73262756 -156.04235050  19.73271793 -156.04234813
111  19.73262756 -156.04235050 22
111  19.73408574 -156.04222904 22
112  19.73420929 -156.04206994  19.73420602 -156.04192938
111  19.73420929 -156.04206994 22
111  19.73417909 -156.04163776
112  19.73417909 -156.04163776  19.73418801 -156.04152397 22
111  19.73430299 -156.04150194 22
115  19.73462150 -156.04147938
120 RM
111  19.73251823 -156.04232765 22
112  19.73216778 -156.04224720  19.73198117 -156.04222888
111  19.73216778 -156.04224720 22
115  19.73030559 -156.04240495
120 RM
111  19.73259060 -156.04238280 20
112  19.73216123 -156.04227786  19.73190434 -156.04224315
111  19.73216123 -156.04227786 20
111  19.73028043 -156.04243480
111  19.73027453 -156.04237332 20
111  19.73215949 -156.04221978
112  19.73215949 -156.04221978  19.73231540 -156.04222924 20
115  19.73251252 -156.04228963
120 PT
111  19.72968612 -156.04203095 1
111  19.72968433 -156.04200808 1
111  19.72968217 -156.04198066 1
111  19.72968433 -156.04200808 1
115  19.72963713 -156.04201208
120 PT
111  19.72960267 -156.04209127 1
111  19.72960088 -156.04206840 1
111  19.72959873 -156.04204098 1
111  19.72960088 -156.04206840 1
115  19.72963799 -156.04206509
120 PT
111  19.72969393 -156.04213407 1
111  19.72969213 -156.04211119 1
111  19.72968998 -156.04208378 1
111  19.72969213 -156.04211119 1
115  19.72964494 -156.04211520
120 PT
111  19.72970275 -156.04224659 1
111  19.72970095 -156.04222371 1
111  19.72969880 -156.04219629 1
111  19.72970095 -156.04222371 1
115  19.72965376 -156.04222771
120 PT
111  19.72961930 -156.04230690 1
111  19.72961751 -156.04228403 1
111  19.72961535 -156.04225661 1
111  19.72961751 -156.04228403 1
115  19.72965462 -156.04228072
120 PT
111  19.72971055 -156.04234970 1
111  19.72970876 -156.04232683 1
111  19.72970661 -156.04229941 1
111  19.72970876 -156.04232683 1
115  19.72966157 -156.04233083
120 PT
111  19.72962711 -156.04241002 1
111  19.72962531 -156.04238714 1
111  19.72962316 -156.04235973 1
111  19.72962531 -156.04238714 1
115  19.72966243 -156.04238384
120 PT
111  19.72940131 -156.04205636 1
111  19.72939952 -156.04203348 1
111  19.72939737 -156.04200607 1
111  19.72939952 -156.04203348 1
115  19.72935233 -156.04203749
120 PT
111  19.72931787 -156.04211668 1
111  19.72931607 -156.04209380 1
111  19.72931392 -156.04206639 1
111  19.72931607 -156.04209380 1
115  19.72935319 -156.04209050
120 PT
111  19.72940912 -156.04215948 1
111  19.72940733 -156.04213660 1
111  19.72940518 -156.04210918 1
111  19.72940733 -156.04213660 1
115  19.72936013 -156.04214060
120 PT
111  19.72941794 -156.04227199 1
111  19.72941615 -156.04224912 1
111  19.72941400 -156.04222170 1
111  19.72941615 -156.04224912 1
115  19.72936895 -156.04225312
120 PT
111  19.72933449 -156.04233231 1
111  19.72933270 -156.04230943 1
111  19.72933055 -156.04228202 1
111  19.72933270 -156.04230943 1
115  19.72936981 -156.04230613
120 PT
111  19.72942575 -156.04237511 1
111  19.72942396 -156.04235223 1
111  19.72942180 -156.04232481 1
111  19.72942396 -156.04235223 1
115  19.72937676 -156.04235624
120 PT
111  19.72934230 -156.04243543 1
111  19.72934051 -156.04241255 1
111  19.72933836 -156.04238513 1
111  19.72934051 -156.04241255 1
115  19.72937762 -156.04240924
120 PT
111  19.72907738 -156.04208177 1
111  19.72907558 -156.04205889 1
111  19.72907343 -156.04203147 1
111  19.72907558 -156.04205889 1
115  19.72902839 -156.04206289
120 PT
111  19.72899393 -156.04214209 1
111  19.72899214 -156.04211921 1
111  19.72898999 -156.04209179 1
111  19.72899214 -156.04211921 1
115  19.72902925 -156.04211590
120 PT
111  19.72908519 -156.04218488 1
111  19.72908339 -156.04216201 1
111  19.72908124 -156.04213459 1
111  19.72908339 -156.04216201 1
115  19.72903620 -156.04216601
120 PT
111  19.72909400 -156.04229740 1
111  19.72909221 -156.04227452 1
111  19.72909006 -156.04224710 1
111  19.72909221 -156.04227452 1
115  19.72904501 -156.04227853
120 PT
111  19.72901056 -156.04235772 1
111  19.72900876 -156.04233484 1
111  19.72900661 -156.04230742 1
111  19.72900876 -156.04233484 1
115  19.72904587 -156.04233153
120 PT
111  19.72910181 -156.04240051 1
111  19.72910002 -156.04237764 1
111  19.72909787 -156.04235022 1
111  19.72910002 -156.04237764 1
115  19.72905282 -156.04238164
120 PT
111  19.72901837 -156.04246083 1
111  19.72901657 -156.04243796 1
111  19.72901442 -156.04241054 1
111  19.72901657 -156.04243796 1
115  19.72905368 -156.04243465
120 RM
111  19.73463674 -156.04159549 20
111  19.73449325 -156.04151696 20
111  19.73430628 -156.04153082 20
112  19.73420193 -156.04163938  19.73420683 -156.04172614
111  19.73420193 -156.04163938 20
111  19.73423455 -156.04206964
112  19.73423455 -156.04206964  19.73424435 -156.04224491 20
111  19.73408235 -156.04225838 20
111  19.73259060 -156.04238280 20
112  19.73251252 -156.04228963  19.73249847 -156.04220739
111  19.73251252 -156.04228963 20
111  19.73246335 -156.04155445
111  19.73250567 -156.04154985 20
111  19.73255608 -156.04225661
112  19.73255608 -156.04225661  19.73256419 -156.04232126 20
111  19.73262327 -156.04232380 20
111  19.73408752 -156.04219712 20
112  19.73418389 -156.04208086  19.73417572 -156.04198368
111  19.73418389 -156.04208086 20
111  19.73415116 -156.04163671
112  19.73415116 -156.04163671  19.73415280 -156.04151177 20
111  19.73428596 -156.04147734 20
115  19.73462946 -156.04143808
120 PT
111  19.73432293 -156.04170017 1
111  19.73432114 -156.04167729 1
111  19.73431898 -156.04164987 1
111  19.73432114 -156.04167729 1
115  19.73427394 -156.04168129
120 PT
111  19.73455280 -156.04176364 1
111  19.73455101 -156.04174076 1
111  19.73454886 -156.04171335 1
111  19.73455101 -156.04174076 1
115  19.73458812 -156.04173746
120 PT
111  19.73433074 -156.04180328 1
111  19.73432895 -156.04178041 1
111  19.73432679 -156.04175299 1
111  19.73432895 -156.04178041 1
115  19.73428175 -156.04178441
120 PT
111  19.73456061 -156.04186676 1
111  19.73455882 -156.04184388 1
111  19.73455667 -156.04181646 1
111  19.73455882 -156.04184388 1
115  19.73459593 -156.04184057
120 PT
111  19.73433956 -156.04191580 1
111  19.73433776 -156.04189292 1
111  19.73433561 -156.04186550 1
111  19.73433776 -156.04189292 1
115  19.73429057 -156.04189693
120 PT
111  19.73456943 -156.04197927 1
111  19.73456764 -156.04195640 1
111  19.73456548 -156.04192898 1
111  19.73456764 -156.04195640 1
115  19.73460475 -156.04195309
120 PT
111  19.73434736 -156.04201891 1
111  19.73434557 -156.04199604 1
111  19.73434342 -156.04196862 1
111  19.73434557 -156.04199604 1
115  19.73429838 -156.04200004
120 PT
111  19.73457724 -156.04208239 1
111  19.73457544 -156.04205951 1
111  19.73457329 -156.04203209 1
111  19.73457544 -156.04205951 1
115  19.73461256 -156.04205620
120 PT
111  19.73350368 -156.04194675 1
111  19.73350189 -156.04192387 1
111  19.73349974 -156.04189645 1
111  19.73350189 -156.04192387 1
115  19.73353900 -156.04192056
120 PT
111  19.73392717 -156.04176021 1
111  19.73392538 -156.04173734 1
111  19.73392323 -156.04170992 1
111  19.73392538 -156.04173734 1
115  19.73387818 -156.04174134
120 PT
111  19.73384373 -156.04182053 1
111  19.73384193 -156.04179766 1
111  19.73383978 -156.04177024 1
111  19.73384193 -156.04179766 1
115  19.73387904 -156.04179435
120 PT
111  19.73393498 -156.04186333 1
111  19.73393319 -156.04184045 1
111  19.73393104 -156.04181304 1
111  19.73393319 -156.04184045 1
115  19.73388599 -156.04184446
120 PT
111  19.73394380 -156.04197584 1
111  19.73394200 -156.04195297 1
111  19.73393985 -156.04192555 1
111  19.73394200 -156.04195297 1
115  19.73389481 -156.04195697
120 PT
111  19.73386035 -156.04203616 1
111  19.73385856 -156.04201329 1
111  19.73385641 -156.04198587 1
111  19.73385856 -156.04201329 1
115  19.73389567 -156.04200998
120 PT
111  19.73395161 -156.04207896 1
111  19.73394981 -156.04205608 1
111  19.73394766 -156.04202867 1
111  19.73394981 -156.04205608 1
115  19.73390262 -156.04206009
120 PT
111  19.73386816 -156.04213928 1
111  19.73386637 -156.04211640 1
111  19.73386422 -156.04208899 1
111  19.73386637 -156.04211640 1
115  19.73390348 -156.04211310
120 PT
111  19.73357932 -156.04178331 1
111  19.73357752 -156.04176043 1
111  19.73357537 -156.04173302 1
111  19.73357752 -156.04176043 1
115  19.73353033 -156.04176444
120 PT
111  19.73349587 -156.04184363 1
111  19.73349408 -156.04182075 1
111  19.73349193 -156.04179334 1
111  19.73349408 -156.04182075 1
115  19.73353119 -156.04181745
120 PT
111  19.73358713 -156.04188643 1
111  19.73358533 -156.04186355 1
111  19.73358318 -156.04183613 1
111  19.73358533 -156.04186355 1
115  19.73353814 -156.04186756
120 PT
111  19.73359594 -156.04199894 1
111  19.73359415 -156.04197607 1
111  19.73359200 -156.04194865 1
111  19.73359415 -156.04197607 1
115  19.73354695 -156.04198007
120 PT
111  19.73351250 -156.04205926 1
111  19.73351070 -156.04203639 1
111  19.73350855 -156.04200897 1
111  19.73351070 -156.04203639 1
115  19.73354781 -156.04203308
120 PT
111  19.73360375 -156.04210206 1
111  19.73360196 -156.04207918 1
111  19.73359981 -156.04205176 1
111  19.73360196 -156.04207918 1
115  19.73355476 -156.04208319
120 PT
111  19.73352031 -156.04216238 1
111  19.73351851 -156.04213950 1
111  19.73351636 -156.04211208 1
111  19.73351851 -156.04213950 1
115  19.73355562 -156.04213619
120 PT
111  19.73324530 -156.04180851 1
111  19.73324351 -156.04178563 1
111  19.73324136 -156.04175821 1
111  19.73324351 -156.04178563 1
115  19.73319631 -156.04178964
120 PT
111  19.73316186 -156.04186883 1
111  19.73316006 -156.04184595 1
111  19.73315791 -156.04181853 1
111  19.73316006 -156.04184595 1
115  19.73319717 -156.04184264
120 PT
111  19.73325311 -156.04191162 1
111  19.73325132 -156.04188875 1
111  19.73324916 -156.04186133 1
111  19.73325132 -156.04188875 1
115  19.73320412 -156.04189275
120 PT
111  19.73316966 -156.04197194 1
111  19.73316787 -156.04194907 1
111  19.73316572 -156.04192165 1
111  19.73316787 -156.04194907 1
115  19.73320498 -156.04194576
120 PT
111  19.73326193 -156.04202414 1
111  19.73326013 -156.04200126 1
111  19.73325798 -156.04197384 1
111  19.73326013 -156.04200126 1
115  19.73321294 -156.04200527
120 PT
111  19.73317848 -156.04208446 1
111  19.73317669 -156.04206158 1
111  19.73317454 -156.04203416 1
111  19.73317669 -156.04206158 1
115  19.73321380 -156.04205828
120 PT
111  19.73326974 -156.04212725 1
111  19.73326794 -156.04210438 1
111  19.73326579 -156.04207696 1
111  19.73326794 -156.04210438 1
115  19.73322075 -156.04210838
120 PT
111  19.73318629 -156.04218757 1
111  19.73318450 -156.04216470 1
111  19.73318235 -156.04213728 1
111  19.73318450 -156.04216470 1
115  19.73322161 -156.04216139
120 PT
111  19.73287175 -156.04140326 1
111  19.73286996 -156.04138038 1
111  19.73286781 -156.04135297 1
111  19.73286996 -156.04138038 1
115  19.73282276 -156.04138439
120 PT
111  19.73278831 -156.04146358 1
111  19.73278651 -156.04144070 1
111  19.73278436 -156.04141329 1
111  19.73278651 -156.04144070 1
115  19.73282362 -156.04143740
120 PT
111  19.73287956 -156.04150638 1
111  19.73287777 -156.04148350 1
111  19.73287562 -156.04145608 1
111  19.73287777 -156.04148350 1
115  19.73283057 -156.04148750
120 PT
111  19.73279612 -156.04156670 1
111  19.73279432 -156.04154382 1
111  19.73279217 -156.04151640 1
111  19.73279432 -156.04154382 1
115  19.73283143 -156.04154051
120 PT
111  19.73288838 -156.04161889 1
111  19.73288658 -156.04159602 1
111  19.73288443 -156.04156860 1
111  19.73288658 -156.04159602 1
115  19.73283939 -156.04160002
120 PT
111  19.73280493 -156.04167921 1
111  19.73280314 -156.04165633 1
111  19.73280099 -156.04162892 1
111  19.73280314 -156.04165633 1
115  19.73284025 -156.04165303
120 PT
111  19.73289619 -156.04172201 1
111  19.73289439 -156.04169913 1
111  19.73289224 -156.04167171 1
111  19.73289439 -156.04169913 1
115  19.73284720 -156.04170314
120 PT
111  19.73281274 -156.04178233 1
111  19.73281095 -156.04175945 1
111  19.73280880 -156.04173203 1
111  19.73281095 -156.04175945 1
115  19.73284806 -156.04175614
120 PT
111  19.73290824 -156.04186128 1
111  19.73290644 -156.04183841 1
111  19.73290429 -156.04181099 1
111  19.73290644 -156.04183841 1
115  19.73285925 -156.04184241
120 PT
111  19.73282479 -156.04192160 1
111  19.73282300 -156.04189873 1
111  19.73282085 -156.04187131 1
111  19.73282300 -156.04189873 1
115  19.73286011 -156.04189542
120 PT
111  19.73291605 -156.04196440 1
111  19.73291425 -156.04194152 1
111  19.73291210 -156.04191410 1
111  19.73291425 -156.04194152 1
115  19.73286706 -156.04194553
120 PT
111  19.73283260 -156.04202472 1
111  19.73283081 -156.04200184 1
111  19.73282866 -156.04197442 1
111  19.73283081 -156.04200184 1
115  19.73286792 -156.04199854
120 PT
111  19.73292486 -156.04207691 1
111  19.73292307 -156.04205404 1
111  19.73292092 -156.04202662 1
111  19.73292307 -156.04205404 1
115  19.73287587 -156.04205804
120 PT
111  19.73284142 -156.04213723 1
111  19.73283962 -156.04211436 1
111  19.73283747 -156.04208694 1
111  19.73283962 -156.04211436 1
115  19.73287673 -156.04211105
120 PT
111  19.73293267 -156.04218003 1
111  19.73293088 -156.04215715 1
111  19.73292873 -156.04212974 1
111  19.73293088 -156.04215715 1
115  19.73288368 -156.04216116
120 PT
111  19.73284923 -156.04224035 1
111  19.73284743 -156.04221747 1
111  19.73284528 -156.04219006 1
111  19.73284743 -156.04221747 1
115  19.73288454 -156.04221417
120 WS Circle
112  19.74077917 -156.04432867  19.74078362 -156.04441386 21 106
112  19.74063785 -156.04449266  19.74054876 -156.04449582 21 106
112  19.74048784 -156.04434714  19.74048339 -156.04426511 21 106
114  19.74062513 -156.04419092  19.74071571 -156.04418934 21 106
21  19.74966047 -156.04428649 2 184.7700 3.00 New PAPI-4L
21  19.72745326 -156.04735854 2 4.7700 3.00 New PAPI-4L
20  19.75304601 -156.04494552 184.7700 0 4 {@B}10
20  19.75031407 -156.04518471 4.7700 0 4 {@B}1{@@,@B}9
20  19.74758161 -156.04543157 4.7700 0 4 {@B}2{@@,@B}8
20  19.74485308 -156.04567241 4.7700 0 4 {@B}3{@@,@B}7
20  19.74211398 -156.04591180 4.7700 0 4 {@B}4{@@,@B}6
20  19.73938050 -156.04615413 4.7700 0 4 {@B}5{@@,@B}5
20  19.73664970 -156.04640035 4.7700 0 4 {@B}6{@@,@B}4
20  19.73391769 -156.04663956 4.7700 0 4 {@B}7{@@,@B}3
20  19.73118504 -156.04688712 4.7700 0 4 {@B}8{@@,@B}2
20  19.72845662 -156.04712118 4.7700 0 4 {@B}9{@@,@B}1
20  19.72572453 -156.04736427 4.7700 0 4 {@B}10
20  19.74274714 -156.04501984 184.7700 0 3 {@Y,^l}G
20  19.73722858 -156.04557132 184.7700 0 3 {@Y,^l}H
20  19.72444648 -156.04670853 184.7700 0 3 {@Y,^l}A
20  19.72934334 -156.04617013 184.7700 0 3 {@Y,^lu}C
20  19.73589660 -156.04569786 4.7700 0 3 {@Y}H{^r}
20  19.74138780 -156.04519420 4.7700 0 3 {@Y}G{^r}
20  19.75422576 -156.04398665 4.7700 0 3 {@Y}A{^r}
20  19.72337385 -156.04626644 275.0000 0 3 {@L}A{@R}35{@@,safety}{@L}A
20  19.73290527 -156.04333234 185.0000 0 3 {@L}A{@Y}{^l}D
20  19.73284869 -156.04263805 185.0000 0 3 {@Y}D{^r}
20  19.73204655 -156.04397378 5.0000 0 3 {@L}A{@Y}D{^r}
20  19.75458220 -156.04357850 275.0000 0 3 {@L}A{@R}17{@@,safety}{@L}A
20  19.72704493 -156.04596574 335.0388 0 3 {@L}C{@R}35-17{@@,safety}{@L}C
20  19.73627467 -156.04517526 275.0000 0 3 {@L}H{@R}35-17{@@,safety}{@L}H
20  19.74172594 -156.04465606 275.0000 0 3 {@L}G{@R}35-17{@@,safety}{@L}G
20  19.75579760 -156.04310983 275.0000 0 3 {@R}ILS
20  19.72439673 -156.04401127 275.0000 0 3 {@Y,^l}A{^r}
20  19.73456094 -156.04309322 275.0000 0 3 {@Y,^l}A{^r}
20  19.73210791 -156.04335427 275.0000 0 3 {@L}D{@Y,^l}A{^r}
20  19.72794497 -156.04365866 275.0000 0 3 {@Y,^l}A{^r}
20  19.72635114 -156.04389630 275.0000 0 3 {@L}C{@Y,^l}A{^r}
20  19.72699966 -156.04461388 95.0000 0 3 {@L}C{@Y,^l}A{^r}
20  19.73675963 -156.04377780 95.0000 0 3 {@L}H{@Y,^l}A{^r}
20  19.74152279 -156.04257641 275.0000 0 3 {@Y,^l}A{^r}
20  19.73204433 -156.04281824 5.0000 0 3 {@Y,^l}D{@@,@Y}BRAVO_S
20  19.72618424 -156.04384152 5.0000 0 3 {@Y,^l}C
20  19.72793744 -156.04434326 5.0000 0 3 {@Y}RAMP_L{^r}
20  19.72447536 -156.04473004 5.0000 0 3 {@Y}RAMP_K{^r}
20  19.72600917 -156.04457429 5.0000 0 3 {@L}A{@Y,^l}C{^r}
20  19.73276894 -156.04328505 95.0000 0 3 {@Y,^l}BRAVO_S{^r}
20  19.72862037 -156.04359816 95.0000 0 3 {@Y,^l}BRAVO_S
20  19.72858085 -156.04313204 5.0000 0 3 {@Y}BRAVO_S
20  19.72699817 -156.04372549 185.0000 0 3 {@Y}C{^r}
20  19.72883964 -156.04372411 185.0000 0 3 {@Y}RAMP_L{^r}
20  19.72530730 -156.04406440 185.0000 0 3 {@Y}RAMP_K{^r}
20  19.72700167 -156.04384080 185.0000 0 3 {@L}A{@Y,^l}C{^r}
20  19.73568336 -156.04374706 5.0000 0 3 {@Y,^l}H{@L}A
20  19.73711512 -156.04359181 185.0000 0 3 {@L}A{@Y}H{^r}
20  19.73931215 -156.04267663 95.0000 0 3 {@Y,^l}BRAVO_N
20  19.73946282 -156.04217356 5.0000 0 3 {@Y}BRAVO_N{^u}
20  19.74141861 -156.04328659 5.0000 0 3 {@Y,^l}G{@L}A{@Y}BRAVO_N{^r}
20  19.74239205 -156.04256257 185.0000 0 3 {@Y,^l}BRAVO_N{@L}A{@Y}G{^r}
20  19.74226183 -156.04331271 95.0000 0 3 {@L}G{@Y,^l}A{^r}
14  19.74467341 -156.04091589  59.06 0 Tower Viewpoint 
1300  19.73826863 -156.04136009 160.95 gate heavy|jets Terminal 1 Gate 1
1301 E none 
1300  19.73731494 -156.04207865  56.14 gate heavy|jets Terminal 1 Gate 4
1301 E none 
1300  19.73610429 -156.04208277 141.37 gate heavy|jets Terminal 2 Gate 7
1301 E none 
1300  19.73519268 -156.04185584  11.99 gate heavy|jets Terminal 2 Gate 10
1301 E none 
1300  19.72965416 -156.04207273   5.00 tie_down turboprops|props Inter-Island Terminal
1301 C none 
1300  19.73289327 -156.04194396   3.37 tie_down jets|turboprops|props|helos Gen Avia Ramp
1301 C none 
1300  19.72577245 -156.04262922 185.19 tie_down heavy|jets|turboprops|props Air Service Hawaii FBO
1301 E none 
1300  19.72785746 -156.04254349 185.00 tie_down heavy|jets|turboprops|props Signature Flight Support FBO
1301 E none 
1300  19.72620805 -156.04206586   4.72 misc turboprops|props Self-Serve Fuel
1301 C none 
18  19.74447281 -156.04071246 1 Rotating Beacon
19  19.75203441 -156.04356244 1 WS
19  19.72600382 -156.04602773 1 WS
19  19.74063105 -156.04434070 1 WS
1050 127400 ATIS
1051 120300 CTAF
1052 121900 CLNC DEL
1054 120300 TWR
99
