I
1050 Generated by WorldEditor 2.0.0r4

1    151 1 0 PHLI Lihue - Kauai
1302 city Lihue
1302 country United States
1302 datum_lat 21.975983333
1302 datum_lon -159.338958333
1302 faa_code LIH
1302 iata_code LIH
1302 icao_code PHLI
1302 region_code PH
1302 state Hawaii
1302 transition_alt 18000
1302 transition_level 18000
100 46.02 1 1 0.25 0 3 0 17  21.98168300 -159.33587800    0   61 3 0 0 1 35  21.96379200 -159.33588300    0   65 3 8 0 0
100 46.02 1 1 0.25 0 2 0 03  21.97290600 -159.34881900    0   70 2 0 0 1 21  21.98555600 -159.33525300   62   28 2 0 0 1
102 H1  21.98214563 -159.34683685 134.80 12.20 12.20 2 0 0 0.00 0
102 H2  21.98312285 -159.34578874 134.80 12.20 12.20 2 0 0 0.00 0
102 H3  21.98390272 -159.34495352 134.80 12.20 12.20 2 0 0 0.00 0
110 1 0.25 45.0000 A
111  21.98624268 -159.33590858
111  21.98649098 -159.33617649
111  21.98455878 -159.33825414
111  21.98416027 -159.33868263
111  21.98296833 -159.33996424
111  21.98254953 -159.34041454
111  21.98177426 -159.34124813
111  21.98175505 -159.34126879
111  21.98084623 -159.34224597
111  21.98008597 -159.34306342
111  21.97904377 -159.34418402
111  21.97762210 -159.34571263
111  21.97700438 -159.34637682
111  21.97564167 -159.34784205
111  21.97508742 -159.34843799
111  21.97417660 -159.34941733
112  21.97417660 -159.34941733  21.97404892 -159.34959124
111  21.97420947 -159.34975837
111  21.97394629 -159.35007399
111  21.97350848 -159.34960189
111  21.97410727 -159.34895950
111  21.97448295 -159.34855647
111  21.97577271 -159.34717281
111  21.97637550 -159.34652613
111  21.97777120 -159.34502881
111  21.97904879 -159.34365820
111  21.97957326 -159.34309555
111  21.98077039 -159.34181126
111  21.98124869 -159.34129812
111  21.98382875 -159.33850553
111  21.98441065 -159.33787987
113  21.98583516 -159.33634674
110 1 0.25 135.0000 A
111  21.98583516 -159.33634674
112  21.98583323 -159.33604442  21.98573529 -159.33591688
111  21.98583323 -159.33604442
111  21.98574638 -159.33593083
112  21.98574638 -159.33593083  21.98557267 -159.33575945
111  21.98525483 -159.33588500
111  21.98573529 -159.33537084
113  21.98624268 -159.33590858
110 1 0.25 0.0000 B
111  21.98365311 -159.33698420
111  21.98282434 -159.33787269
112  21.98285359 -159.33747313  21.98278537 -159.33733267
111  21.98260009 -159.33729439
111  21.97998920 -159.33728574
111  21.97874384 -159.33728161
111  21.97346070 -159.33726411
111  21.97323103 -159.33726335
111  21.96435525 -159.33723395
111  21.96435768 -159.33683182
111  21.96506701 -159.33687125
111  21.96696005 -159.33687623
111  21.96819697 -159.33687949
111  21.97322702 -159.33689273
111  21.97347480 -159.33689338
111  21.97864714 -159.33690700
111  21.97988727 -159.33691027
111  21.98073078 -159.33691249
111  21.98261196 -159.33691744
111  21.98301047 -159.33691849
112  21.98330298 -159.33701312  21.98338464 -159.33706998
111  21.98330298 -159.33701312
114  21.98330298 -159.33701312  21.98343943 -159.33708781
110 1 0.25 90.0000 B
111  21.96439333 -159.33610013
112  21.96410928 -159.33645637  21.96410553 -159.33667486
111  21.96410928 -159.33645637
111  21.96410726 -159.33662280
112  21.96410726 -159.33662280  21.96412228 -159.33681162
111  21.96435768 -159.33683182
111  21.96435525 -159.33723395
112  21.96391433 -159.33706905  21.96375844 -159.33690096
111  21.96374331 -159.33664091
111  21.96348081 -159.33619949
111  21.96378696 -159.33620357
113  21.96378519 -159.33610207
110 1 0.25 135.0000 B
111  21.98382875 -159.33850553
112  21.98386122 -159.33817697  21.98376507 -159.33805641
111  21.98386122 -159.33817697
111  21.98376507 -159.33805399
112  21.98376507 -159.33805399  21.98359290 -159.33788761
111  21.98327985 -159.33799612
111  21.98375612 -159.33748975
111  21.98411836 -159.33787797
112  21.98411836 -159.33787797  21.98423463 -159.33798407
113  21.98441065 -159.33787987
110 1 0.25 135.0000 B
111  21.98495691 -159.33844540
111  21.98444867 -159.33901056
112  21.98446700 -159.33878633  21.98440652 -159.33871929
111  21.98446700 -159.33878633
111  21.98438874 -159.33869228
112  21.98438874 -159.33869228  21.98430308 -159.33860958
111  21.98416027 -159.33868263
111  21.98455878 -159.33825414
112  21.98457432 -159.33838846  21.98462472 -159.33844643
111  21.98457432 -159.33838846
111  21.98468612 -159.33852831
112  21.98468612 -159.33852831  21.98476340 -159.33858629
113  21.98485066 -159.33852007
110 1 0.25 90.0000 C
111  21.96802542 -159.33610352
112  21.96756693 -159.33649963  21.96749277 -159.33676728
111  21.96756693 -159.33649963
112  21.96756693 -159.33649963  21.96750790 -159.33670037
111  21.96766200 -159.33683229
111  21.96819697 -159.33687949
111  21.96696005 -159.33687623
112  21.96718697 -159.33656217  21.96718546 -159.33632227
111  21.96718697 -159.33656217
112  21.96718697 -159.33656217  21.96718697 -159.33621129
113  21.96681399 -159.33609886
110 1 0.25 155.0000 D
111  21.97864714 -159.33690700
111  21.97865187 -159.33686447
112  21.97654245 -159.33610219  21.97549451 -159.33596575
111  21.97654245 -159.33610219
111  21.97843267 -159.33609980
112  21.97837062 -159.33622645  21.97844629 -159.33629174
111  21.97837062 -159.33622645
111  21.97896594 -159.33659923
112  21.97896594 -159.33659923  21.97924398 -159.33679133
113  21.97988727 -159.33691027
110 1 0.25 90.0000 D
111  21.97998920 -159.33728574
111  21.97973701 -159.33731100
112  21.97957054 -159.33751851  21.97955792 -159.33766006
111  21.97957054 -159.33751851
111  21.97954763 -159.33787095
111  21.97954517 -159.33984533
111  21.97958453 -159.34052698
112  21.97958453 -159.34052698  21.97969429 -159.34099827
111  21.98016007 -159.34074183
111  21.97919267 -159.34177773
111  21.97919686 -159.33861619
111  21.97919711 -159.33842836
111  21.97919819 -159.33761213
112  21.97919819 -159.33761213  21.97919188 -159.33735625
111  21.97898573 -159.33730147
113  21.97874384 -159.33728161
110 1 0.25 90.0000 D
111  21.97904879 -159.34365820
112  21.97922196 -159.34316057  21.97921524 -159.34289064
111  21.97922196 -159.34316057
111  21.97921506 -159.34236253
111  21.97957122 -159.34198292
113  21.97957326 -159.34309555
110 1 0.25 135.0000 D
111  21.98053857 -159.34414031
111  21.97999204 -159.34471216
112  21.97997635 -159.34445284  21.97989789 -159.34435364
111  21.97997635 -159.34445284
111  21.97954346 -159.34399769
112  21.97954346 -159.34399769  21.97944877 -159.34392184
111  21.97931620 -159.34395393
111  21.97904377 -159.34418402
111  21.98008597 -159.34306342
111  21.97980590 -159.34339375
112  21.97978426 -159.34367092  21.97986813 -159.34380805
111  21.97978426 -159.34367092
111  21.98001614 -159.34396050
111  21.98024421 -159.34417567
114  21.98024421 -159.34417567  21.98037678 -159.34426611
110 1 0.25 90.0000 E
111  21.98261196 -159.33691744
111  21.98073078 -159.33691249
111  21.98115251 -159.33686794
112  21.98134508 -159.33664714  21.98134674 -159.33649453
111  21.98134508 -159.33664714
111  21.98134805 -159.33652533
112  21.98134805 -159.33652533  21.98134139 -159.33628475
111  21.98095994 -159.33609763
111  21.98168402 -159.33609955
111  21.98168247 -159.33620470
111  21.98172534 -159.33620553
111  21.98173021 -159.33659982
112  21.98173021 -159.33659982  21.98173021 -159.33681707
113  21.98191059 -159.33686794
110 1 0.25 135.0000 F
111  21.98296833 -159.33996424
112  21.98297479 -159.34013489  21.98303588 -159.34019912
111  21.98297479 -159.34013489
111  21.98309554 -159.34026510
112  21.98309554 -159.34026510  21.98319022 -159.34031945
111  21.98327646 -159.34023145
111  21.98350006 -159.34048464
111  21.98335516 -159.34065466
111  21.98286746 -159.34067502
112  21.98284063 -159.34047729  21.98278412 -159.34042294
111  21.98284063 -159.34047729
111  21.98278473 -159.34042907
112  21.98278473 -159.34042907  21.98268852 -159.34033519
113  21.98254953 -159.34041454
110 1 0.25 0.0000 H
111  21.98124869 -159.34129812
111  21.98077039 -159.34181126
111  21.98061450 -159.34163822
111  21.98054051 -159.34161055
111  21.97991125 -159.34161608
111  21.98028918 -159.34121083
111  21.98034394 -159.34131436
113  21.98116373 -159.34131436
110 1 0.25 135.0000 H
111  21.98175505 -159.34126879
111  21.98193364 -159.34146498
111  21.98141265 -159.34201716
111  21.98156694 -159.34209191
111  21.98190762 -159.34241945
112  21.98190762 -159.34241945  21.98199482 -159.34248697
111  21.98212927 -159.34242697
111  21.98163641 -159.34293651
112  21.98162141 -159.34273774  21.98156327 -159.34267746
111  21.98162141 -159.34273774
111  21.98123458 -159.34230371
112  21.98123458 -159.34230371  21.98106017 -159.34209152
113  21.98084623 -159.34224597
110 1 0.25 135.0000 J
111  21.97825138 -159.34647552
111  21.97774007 -159.34702926
112  21.97771668 -159.34675814  21.97763335 -159.34666828
111  21.97771668 -159.34675814
111  21.97741014 -159.34639228
112  21.97741014 -159.34639228  21.97723455 -159.34619972
111  21.97700438 -159.34637682
111  21.97762210 -159.34571263
112  21.97758871 -159.34604246  21.97768394 -159.34617725
111  21.97758871 -159.34604246
111  21.97797263 -159.34648535
114  21.97797263 -159.34648535  21.97809167 -159.34658163
110 1 0.25 135.0000 J
111  21.97637550 -159.34652613
111  21.97679342 -159.34602370
112  21.97675938 -159.34572836  21.97664636 -159.34559661
111  21.97675938 -159.34572836
111  21.97641380 -159.34536719
111  21.97690522 -159.34483783
112  21.97690115 -159.34531349  21.97703707 -159.34548147
111  21.97690115 -159.34531349
111  21.97703481 -159.34543899
112  21.97703481 -159.34543899  21.97717989 -159.34557568
111  21.97731583 -159.34546035
113  21.97777120 -159.34502881
110 1 0.25 135.0000 K/L
111  21.97448295 -159.34855647
111  21.97447083 -159.34851997
111  21.97395045 -159.34801143
111  21.97444034 -159.34748536
112  21.97441188 -159.34795663  21.97452663 -159.34813998
111  21.97441188 -159.34795663
111  21.97456027 -159.34812541
112  21.97483496 -159.34812642  21.97497474 -159.34802181
111  21.97483496 -159.34812642
111  21.97488000 -159.34807745
112  21.97488000 -159.34807745  21.97494154 -159.34798859
111  21.97487331 -159.34788649
111  21.97447287 -159.34745248
111  21.97495210 -159.34693534
112  21.97494643 -159.34738704  21.97505245 -159.34756126
111  21.97494643 -159.34738704
111  21.97510505 -159.34756646
112  21.97510505 -159.34756646  21.97521359 -159.34765085
111  21.97536117 -159.34756646
113  21.97577271 -159.34717281
110 1 0.25 135.0000 K
111  21.97630629 -159.34858205
111  21.97574865 -159.34918597
112  21.97577596 -159.34885058  21.97569263 -159.34876072
111  21.97577596 -159.34885058
111  21.97546942 -159.34848472
112  21.97546942 -159.34848472  21.97529383 -159.34829216
111  21.97508742 -159.34843799
111  21.97564167 -159.34784205
112  21.97564799 -159.34813490  21.97574323 -159.34826969
111  21.97564799 -159.34813490
111  21.97603191 -159.34857779
114  21.97603191 -159.34857779  21.97615096 -159.34867407
110 1 0.25 135.0000 M
111  21.97410727 -159.34895950
111  21.97350848 -159.34960189
111  21.97298251 -159.34904779
111  21.97350941 -159.34848292
112  21.97348039 -159.34899179  21.97361631 -159.34920424
111  21.97348039 -159.34899179
111  21.97356133 -159.34908731
112  21.97356133 -159.34908731  21.97369267 -159.34923224
113  21.97386983 -159.34915813
110 1 0.25 45.0000 Apron
111  21.97929264 -159.34613074
111  21.97935169 -159.34619018
111  21.97940067 -159.34623947
111  21.97566698 -159.35024819
111  21.97600825 -159.35061969
111  21.97590922 -159.35073799
111  21.97544119 -159.35024922
111  21.97554569 -159.35013241 106
111  21.97521654 -159.34976225
111  21.97574865 -159.34918597
111  21.97630629 -159.34858205
111  21.97774007 -159.34702926
111  21.97825138 -159.34647552
111  21.97864014 -159.34605449 106
113  21.97901143 -159.34644248
110 1 0.25 45.0000 Apron
111  21.98596022 -159.33917413
112  21.98590852 -159.33917913  21.98588706 -159.33920227
111  21.98590852 -159.33917913
111  21.98555438 -159.33956833
111  21.98549860 -159.33962959
111  21.98537472 -159.33976564
111  21.98521443 -159.33994168
111  21.98495623 -159.34022526
111  21.98456870 -159.34065087
111  21.98451758 -159.34070701
111  21.98424735 -159.34100380
111  21.98397576 -159.34130208
111  21.98335516 -159.34065466
111  21.98350006 -159.34048464
111  21.98327646 -159.34023145
111  21.98372590 -159.33981429
111  21.98444867 -159.33901056
111  21.98495691 -159.33844540
113  21.98512663 -159.33825666
111  21.98426673 -159.33949189
111  21.98440001 -159.33963562
111  21.98447915 -159.33954878
113  21.98434587 -159.33940954
111  21.98405569 -159.33971947
111  21.98419037 -159.33987069
111  21.98426950 -159.33978385
113  21.98413344 -159.33963862
111  21.98391685 -159.33986470
111  21.98384466 -159.33994705
111  21.98397656 -159.34009677
113  21.98405708 -159.34001143
110 1 0.25 45.0000 Apron
111  21.98422780 -159.34157969
111  21.98397678 -159.34184837
112  21.98397007 -159.34196059  21.98402056 -159.34201504
111  21.98397007 -159.34196059
111  21.98447765 -159.34250425
112  21.98447765 -159.34250425  21.98451558 -159.34253084
111  21.98455814 -159.34250425
111  21.98442845 -159.34265134
112  21.98442398 -159.34255488  21.98439459 -159.34251500
111  21.98442398 -159.34255488
111  21.98392535 -159.34200993
112  21.98392535 -159.34200993  21.98387716 -159.34196786
111  21.98382920 -159.34200028
111  21.98350971 -159.34235238
111  21.98331939 -159.34256212
111  21.98327502 -159.34251263
111  21.98299294 -159.34219801
111  21.98304775 -159.34214171
111  21.98306449 -159.34188213
111  21.98297728 -159.34177844
111  21.98266929 -159.34178568
111  21.98267152 -159.34209673
111  21.98215277 -159.34209191
111  21.98215277 -159.34229687
111  21.98205215 -159.34229205
111  21.98213488 -159.34218354
111  21.98204991 -159.34208468
111  21.98196271 -159.34218595
111  21.98187550 -159.34206780
111  21.98156694 -159.34209191
111  21.98141265 -159.34201716
111  21.98193364 -159.34146498
112  21.98211923 -159.34147944  21.98212817 -159.34149150
111  21.98231376 -159.34135164
111  21.98246358 -159.34116839
111  21.98286746 -159.34067502
111  21.98335516 -159.34065466
113  21.98397576 -159.34130208
111  21.98356703 -159.34203747
111  21.98357747 -159.34204647
111  21.98352635 -159.34210271
111  21.98359092 -159.34217405
111  21.98363423 -159.34212357
111  21.98359207 -159.34208134
111  21.98373706 -159.34191486
111  21.98376105 -159.34193173
111  21.98379965 -159.34193398
111  21.98379756 -159.34188111
113  21.98375627 -159.34183713
111  21.98406146 -159.34156535
111  21.98410037 -159.34160707
111  21.98413095 -159.34157433
111  21.98407061 -159.34150991
111  21.98405181 -159.34151145
111  21.98381162 -159.34176598
111  21.98381162 -159.34179443
111  21.98386716 -159.34185432
111  21.98389496 -159.34182522
113  21.98385605 -159.34178095
110 1 0.25 45.0000 Apron
111  21.98306799 -159.34303922
111  21.98301452 -159.34309456
111  21.98266324 -159.34272791
111  21.98026329 -159.34532412
111  21.98060078 -159.34568663
111  21.98065491 -159.34562829
111  21.98070631 -159.34574791
111  21.98066843 -159.34579168
111  21.98057644 -159.34577417
111  21.97982430 -159.34495724
111  21.97986266 -159.34490119
111  21.97999204 -159.34471216
111  21.98053857 -159.34414031
111  21.98105804 -159.34362972
111  21.98132527 -159.34332456
111  21.98163641 -159.34293651
111  21.98212927 -159.34242697
111  21.98218493 -159.34236943
113  21.98243625 -159.34236146
110 2 0.25 45.0000 Apron
111  21.97600825 -159.35061969
111  21.97566698 -159.35024819
111  21.97940067 -159.34623947
111  21.97974718 -159.34660223
113  21.97943542 -159.34693723
110 2 0.25 45.0000 Apron
111  21.98266324 -159.34272791
111  21.98301452 -159.34309456
111  21.98282495 -159.34329813
111  21.98277396 -159.34335289
111  21.98195316 -159.34423433
111  21.98060078 -159.34568663
113  21.98026329 -159.34532412
110 1 0.25 135.0000 Pad
111  21.98350971 -159.34235238
111  21.98404672 -159.34293957
111  21.98387454 -159.34314212
111  21.98342511 -159.34265263
111  21.98335502 -159.34268014
111  21.98325964 -159.34256582
111  21.98327502 -159.34251263
113  21.98331939 -159.34256212
110 1 0.25 135.0000 Pad
111  21.98424735 -159.34100380
111  21.98439702 -159.34116486
111  21.98504351 -159.34186047
111  21.98482165 -159.34209681
111  21.98428643 -159.34151670
111  21.98422780 -159.34157969
113  21.98397576 -159.34130208
110 1 0.25 135.0000 Pad
111  21.98521443 -159.33994168
111  21.98547792 -159.34023406
111  21.98599216 -159.34080466
111  21.98573055 -159.34107714
113  21.98495623 -159.34022526
110 1 0.25 135.0000 Pad
111  21.98537349 -159.33801962
111  21.98559889 -159.33826178
111  21.98567938 -159.33834824
111  21.98698876 -159.33975497
111  21.98673715 -159.34002924
111  21.98596022 -159.33917413
113  21.98512663 -159.33825666
110 2 0.25 45.0000 Pad
111  21.98537472 -159.33976564
111  21.98550838 -159.33991532
111  21.98563821 -159.33977882
111  21.98577518 -159.33992522
111  21.98547792 -159.34023406
113  21.98521443 -159.33994168
110 2 0.25 45.0000 Pad
111  21.98568149 -159.33816626
111  21.98575934 -159.33825568
111  21.98567938 -159.33834824
113  21.98559889 -159.33826178
110 2 0.25 45.0000 Pad
111  21.98434587 -159.33940954
111  21.98447915 -159.33954878
111  21.98440001 -159.33963562
113  21.98426673 -159.33949189
110 2 0.25 45.0000 Pad
111  21.98413344 -159.33963862
111  21.98426950 -159.33978385
111  21.98419037 -159.33987069
113  21.98405569 -159.33971947
110 2 0.25 45.0000 Pad
111  21.98391685 -159.33986470
111  21.98405708 -159.34001143
111  21.98397656 -159.34009677
113  21.98384466 -159.33994705
110 2 0.25 45.0000 Pad
111  21.98375627 -159.34183713
111  21.98379756 -159.34188111
111  21.98379965 -159.34193398
111  21.98376105 -159.34193173
111  21.98373706 -159.34191486
111  21.98359207 -159.34208134
111  21.98363423 -159.34212357
111  21.98359092 -159.34217405
111  21.98352635 -159.34210271
111  21.98357747 -159.34204647
113  21.98356703 -159.34203747
110 2 0.25 45.0000 Pad
111  21.98405181 -159.34151145
111  21.98407061 -159.34150991
111  21.98413095 -159.34157433
111  21.98410037 -159.34160707
111  21.98406146 -159.34156535
111  21.98385605 -159.34178095
111  21.98389496 -159.34182522
111  21.98386716 -159.34185432
111  21.98381162 -159.34179443
113  21.98381162 -159.34176598
110 2 0.25 45.0000 Helo Pad
111  21.98394003 -159.34410974
111  21.98402256 -159.34419717
111  21.98394567 -159.34428229
113  21.98386138 -159.34419339
110 2 0.25 45.0000 Helo Pad
111  21.98335179 -159.34473939
111  21.98343432 -159.34482682
111  21.98335743 -159.34491194
113  21.98327314 -159.34482305
110 2 0.25 45.0000 Helo Pad
111  21.98218406 -159.34599432
111  21.98226659 -159.34608174
111  21.98218971 -159.34616687
113  21.98210541 -159.34607797
110 2 0.25 45.0000 Helo Pad
111  21.98277145 -159.34536251
111  21.98285397 -159.34544993
111  21.98277709 -159.34553506
113  21.98269280 -159.34544616
110 2 0.25 45.0000 Helo Pad
111  21.98160372 -159.34661743
111  21.98168625 -159.34670486
111  21.98160936 -159.34678998
113  21.98152507 -159.34670108
110 2 0.25 45.0000 Helo Pad
111  21.98365270 -159.34441960
111  21.98373523 -159.34450702
111  21.98365834 -159.34459215
113  21.98357405 -159.34450325
110 2 0.25 45.0000 Helo Pad
111  21.98306446 -159.34504925
111  21.98314699 -159.34513667
111  21.98307010 -159.34522180
113  21.98298581 -159.34513290
110 2 0.25 45.0000 Helo Pad
111  21.98189673 -159.34630417
111  21.98197926 -159.34639160
111  21.98190237 -159.34647672
113  21.98181808 -159.34638782
110 2 0.25 45.0000 Helo Pad
111  21.98248412 -159.34567236
111  21.98256664 -159.34575978
111  21.98248976 -159.34584491
113  21.98240547 -159.34575601
110 2 0.25 45.0000 Helo Pad
111  21.98131639 -159.34692729
111  21.98139892 -159.34701471
111  21.98132203 -159.34709984
113  21.98123774 -159.34701094
110 2 0.25 45.0000 Helo Pad
111  21.98379210 -159.34426723
111  21.98387463 -159.34435465
111  21.98379774 -159.34443978
113  21.98371345 -159.34435088
110 2 0.25 45.0000 Helo Pad
111  21.98320386 -159.34489688
111  21.98328639 -159.34498430
111  21.98320950 -159.34506943
113  21.98312521 -159.34498053
110 2 0.25 45.0000 Helo Pad
111  21.98203613 -159.34615180
111  21.98211866 -159.34623923
111  21.98204177 -159.34632435
113  21.98195748 -159.34623545
110 2 0.25 45.0000 Helo Pad
111  21.98262351 -159.34551999
111  21.98270604 -159.34560741
111  21.98262916 -159.34569254
113  21.98254486 -159.34560364
110 2 0.25 45.0000 Helo Pad
111  21.98145579 -159.34677492
111  21.98153831 -159.34686234
111  21.98146143 -159.34694747
113  21.98137714 -159.34685857
110 2 0.25 45.0000 Helo Pad
111  21.98350477 -159.34457708
111  21.98358730 -159.34466450
111  21.98351041 -159.34474963
113  21.98342612 -159.34466073
110 2 0.25 45.0000 Helo Pad
111  21.98291653 -159.34520673
111  21.98299905 -159.34529415
111  21.98292217 -159.34537928
113  21.98283788 -159.34529038
110 2 0.25 45.0000 Helo Pad
111  21.98174880 -159.34646166
111  21.98183133 -159.34654908
111  21.98175444 -159.34663421
113  21.98167015 -159.34654531
110 2 0.25 45.0000 Helo Pad
111  21.98233618 -159.34582985
111  21.98241871 -159.34591727
111  21.98234182 -159.34600239
113  21.98225753 -159.34591350
110 2 0.25 45.0000 Helo Pad
111  21.98116846 -159.34708477
111  21.98125098 -159.34717219
111  21.98117410 -159.34725732
113  21.98108981 -159.34716842
130 Airport Boundary
111  21.98521661 -159.34390527
111  21.98162249 -159.34789582
111  21.98060101 -159.34688915
111  21.97679297 -159.35084443
111  21.97654561 -159.35057304
111  21.97303473 -159.35436272
111  21.96946959 -159.35044969
111  21.97816672 -159.34096609
111  21.96756889 -159.33810152
111  21.96286833 -159.33811013
111  21.96286244 -159.33790653
111  21.96256862 -159.33791657
111  21.96256807 -159.33770477
111  21.96167858 -159.33764719
111  21.96067739 -159.33648151
111  21.95729633 -159.33650140
111  21.95661967 -159.33617943
111  21.95663252 -159.33526385
111  21.95721915 -159.33494329
111  21.95746117 -159.33487430
111  21.95779071 -159.33493994
111  21.95807370 -159.33491425
111  21.95828065 -159.33484030
111  21.95845133 -159.33454905
111  21.95867683 -159.33420555
111  21.95900181 -159.33402521
111  21.95973698 -159.33399905
111  21.96584530 -159.33449400
111  21.96797512 -159.33487680
111  21.98375225 -159.33490788
111  21.98502055 -159.33436314
111  21.98547313 -159.33440719
111  21.98612364 -159.33479683
111  21.98689249 -159.33487100
111  21.98696039 -159.33647481
111  21.98817633 -159.33799630
111  21.98736039 -159.33935812
111  21.98666058 -159.34025813
113  21.98523759 -159.34176616
120 RH
111  21.98605832 -159.33575585 54
111  21.98582363 -159.33600097
111  21.98480769 -159.33794994 54
111  21.98459225 -159.33770634
111  21.98409027 -159.33786812 54
111  21.98384430 -159.33812855
111  21.98070952 -159.34133253 54
111  21.98071155 -159.34172052
111  21.97954837 -159.34291824 54
111  21.97923736 -159.34291605
111  21.97701314 -159.34545685 54
111  21.97676736 -159.34571591
111  21.97506318 -159.34754322 54
111  21.97481883 -159.34780507
111  21.97453171 -159.34811303 54
111  21.97431283 -159.34834319
111  21.97357979 -159.34912362 54
115  21.97333159 -159.34938885
120 RH
111  21.97923260 -159.34077854 54
111  21.97967041 -159.34077059
111  21.98271533 -159.33728019 54
115  21.98271163 -159.33692746
120 RH
111  21.98170412 -159.33665512 54
111  21.98136813 -159.33665693
111  21.97895752 -159.33661345 54
111  21.97881640 -159.33687432 54
111  21.97866521 -159.33689063
111  21.96758145 -159.33677107 54
111  21.96713627 -159.33677469
111  21.96412261 -159.33676745 54
115  21.96377654 -159.33677288
120 TH
111  21.98462760 -159.33855272 55
111  21.98447394 -159.33870785
111  21.98301207 -159.34027558 55
111  21.98286609 -159.34043301
111  21.98188755 -159.34150412 55
111  21.98157171 -159.34184344
111  21.98141265 -159.34201716 55
111  21.98122402 -159.34220245
111  21.97977167 -159.34377339 55
111  21.97959503 -159.34396147
111  21.97758031 -159.34613933 55
111  21.97741243 -159.34631224
111  21.97562011 -159.34822989 55
115  21.97545689 -159.34840473
120 TL
111  21.96770479 -159.33706294 51 59
112  21.96736900 -159.33678577  21.96728186 -159.33657099
111  21.96736900 -159.33678577
111  21.96736377 -159.33676711 51
112  21.96742572 -159.33625802  21.96756192 -159.33597089 51
111  21.96791513 -159.33589308 51
115  21.96846374 -159.33589297
120 TL
111  21.97939096 -159.34341616 51
111  21.97939090 -159.34335683 51 59
111  21.97939078 -159.34325784 51 59
111  21.97939041 -159.34292460
111  21.97939040 -159.34291066 51
111  21.97938926 -159.34189300
111  21.97938921 -159.34185375 51
111  21.97938803 -159.34079407
111  21.97938799 -159.34075900 51 59
111  21.97938749 -159.34031123 51
115  21.97938440 -159.33754941
120 TL
111  21.97970363 -159.33708633 51
111  21.97925392 -159.33696224 51 59
111  21.97902939 -159.33685465 51 59
111  21.97888055 -159.33676857
111  21.97886841 -159.33676155 51
115  21.97853440 -159.33656839
120 TL
111  21.97938440 -159.33754941 51
111  21.97935794 -159.33733836
112  21.97935794 -159.33733836  21.97932217 -159.33716716 51
111  21.97921315 -159.33703093
112  21.97921315 -159.33703093  21.97917345 -159.33697658 51 59
115  21.97902939 -159.33685465
120 TL
111  21.98192033 -159.33709065 51
112  21.98172474 -159.33701486  21.98165016 -159.33696908
111  21.98172474 -159.33701486
112  21.98172474 -159.33701486  21.98155837 -159.33690474 51 59
111  21.98153836 -159.33670191 51 59
112  21.98135220 -159.33701302  21.98122369 -159.33708726
111  21.98135220 -159.33701302
112  21.98135220 -159.33701302  21.98128221 -159.33706004 51
115  21.98116912 -159.33708919
120 TL
111  21.98140504 -159.33609913 51
112  21.98153614 -159.33640367  21.98155856 -159.33662307
111  21.98153614 -159.33640367 51
111  21.98153798 -159.33665007
111  21.98153807 -159.33666233 51 59
115  21.98153836 -159.33670191
120 TL
111  21.98299782 -159.33709275 51
111  21.98272503 -159.33709222
111  21.98270151 -159.33709217 51 59
111  21.98232184 -159.33709143 51
111  21.98192033 -159.33709065 51
111  21.98116912 -159.33708919 51
111  21.97970363 -159.33708633 51
111  21.97896327 -159.33708489 51
111  21.96770479 -159.33706294 51
111  21.96439655 -159.33705650 51
111  21.96428813 -159.33704963
112  21.96428813 -159.33704963  21.96403949 -159.33701696 51 59
111  21.96394973 -159.33677863
111  21.96394661 -159.33676245 51
111  21.96392441 -159.33665432 51
115  21.96392688 -159.33609784
120 TL
111  21.97496192 -159.34829163 51
112  21.97482750 -159.34834735  21.97475762 -159.34836535
111  21.97482750 -159.34834735
112  21.97482750 -159.34834735  21.97457820 -159.34840697 51 59
111  21.97442949 -159.34823241
111  21.97442042 -159.34822258 51
115  21.97423862 -159.34802547
120 TL
111  21.97499816 -159.34773553 51 59
112  21.97532937 -159.34779680  21.97553541 -159.34776240
111  21.97532937 -159.34779680
112  21.97532937 -159.34779680  21.97539058 -159.34778286 51
115  21.97548641 -159.34772859
120 TL
111  21.97594560 -159.34875108 51
111  21.97549129 -159.34826411 51
111  21.97523712 -159.34799167 51 59
111  21.97499816 -159.34773553 51 59
111  21.97494557 -159.34767916
111  21.97493752 -159.34767053 51
115  21.97475645 -159.34747645
120 TL
111  21.97696548 -159.34614079 51
112  21.97701397 -159.34601514  21.97702533 -159.34596342
111  21.97701397 -159.34601514
112  21.97701397 -159.34601514  21.97703543 -159.34580417 51 59
111  21.97694264 -159.34564114 51 59
112  21.97730086 -159.34571119  21.97751542 -159.34568125
111  21.97730086 -159.34571119
112  21.97730086 -159.34571119  21.97734251 -159.34570166 51
115  21.97740686 -159.34566697
120 TL
111  21.97787072 -159.34666034 51
111  21.97746387 -159.34621355 51
111  21.97718248 -159.34590453 51 59
111  21.97694264 -159.34564114 51 59
111  21.97689532 -159.34558917
111  21.97688934 -159.34558261 51
115  21.97674594 -159.34542512
120 TL
111  21.97918392 -159.34375929 51
112  21.97937614 -159.34335077  21.97941515 -159.34313299
111  21.97937614 -159.34335077 51 59
115  21.97939078 -159.34325784
120 TL
111  21.98192045 -159.34276132 51
111  21.98178256 -159.34261252 51
111  21.98127160 -159.34206108 51
111  21.98100176 -159.34176986 51 59
111  21.98084425 -159.34159988
112  21.98084425 -159.34159988  21.98076902 -159.34152973 51 59
111  21.98071559 -159.34150399
111  21.98070348 -159.34149909 51
115  21.98057684 -159.34145797
120 TL
111  21.98166471 -159.34149405 51
111  21.98158160 -159.34145592 51
111  21.98140336 -159.34145628 51
111  21.98113666 -159.34145683 51 59
111  21.98071657 -159.34145769
111  21.98070235 -159.34145772 51
111  21.98057684 -159.34145797 51
115  21.97997653 -159.34145920
120 TL
111  21.98451790 -159.33803323 51
112  21.98438267 -159.33810657  21.98434710 -159.33811647
111  21.98438267 -159.33810657
112  21.98438267 -159.33810657  21.98415548 -159.33817463 51 59
111  21.98397241 -159.33800483 51 59
112  21.98405634 -159.33849537  21.98396913 -159.33877750
111  21.98405634 -159.33849537 51
115  21.98400868 -159.33857988
120 TL
111  21.98493197 -159.33904337 51
111  21.98438804 -159.33845467 51
111  21.98431775 -159.33837859 51 59
111  21.98397241 -159.33800483
111  21.98396294 -159.33799458 51
115  21.98380177 -159.33782015
120 TL
111  21.97317896 -159.34884271 51
112  21.97329145 -159.34906942  21.97338111 -159.34917260
111  21.97329145 -159.34906942 51
111  21.97345461 -159.34924940
111  21.97346391 -159.34925966 51 59
112  21.97384305 -159.34937880  21.97411934 -159.34935635
111  21.97384305 -159.34937880
112  21.97384305 -159.34937880  21.97391941 -159.34937431 51
111  21.97407769 -159.34924085 51
111  21.97496192 -159.34829163 51
111  21.97499651 -159.34825449 51
111  21.97548641 -159.34772859 51
111  21.97696548 -159.34614079 51
111  21.97740686 -159.34566697 51
111  21.97911097 -159.34383760 51
111  21.97918392 -159.34375929 51
111  21.97962020 -159.34329094 51
111  21.98075910 -159.34206832 51
111  21.98127779 -159.34151151 51
111  21.98166183 -159.34109924 51
111  21.98252278 -159.34017501 51
111  21.98277178 -159.33990770 51
111  21.98400868 -159.33857988 51
111  21.98414463 -159.33843394 51
111  21.98436069 -159.33820201 51
111  21.98451790 -159.33803323 51
111  21.98469632 -159.33784170
111  21.98470897 -159.33782812 51
111  21.98593548 -159.33651146 51
112  21.98602170 -159.33634225  21.98603943 -159.33626463
111  21.98602170 -159.33634225
112  21.98602170 -159.33634225  21.98607490 -159.33604190 51 59
111  21.98591854 -159.33591621
111  21.98590732 -159.33590283 51
115  21.98573560 -159.33572491
120 TL
111  21.97317896 -159.34884271 51
112  21.97329145 -159.34906942  21.97338111 -159.34917260
111  21.97329145 -159.34906942 51
111  21.97345461 -159.34924940
111  21.97346391 -159.34925966 51 59
112  21.97384305 -159.34937880  21.97411934 -159.34935635
111  21.97384305 -159.34937880
112  21.97384305 -159.34937880  21.97391941 -159.34937431 51
111  21.97407769 -159.34924085 51
111  21.97496192 -159.34829163 51
111  21.97499651 -159.34825449 51
111  21.97548641 -159.34772859 51
111  21.97696548 -159.34614079 51
111  21.97740686 -159.34566697 51
111  21.97911097 -159.34383760 51
111  21.97918392 -159.34375929 51
111  21.97962020 -159.34329094 51
111  21.98075910 -159.34206832 51
111  21.98127779 -159.34151151 51
111  21.98166183 -159.34109924 51
111  21.98252278 -159.34017501 51
111  21.98277178 -159.33990770 51
111  21.98400868 -159.33857988 51
111  21.98451790 -159.33803323 51
111  21.98469632 -159.33784170
111  21.98470897 -159.33782812 51
111  21.98593548 -159.33651146 51
112  21.98602170 -159.33634225  21.98603943 -159.33626463
111  21.98602170 -159.33634225
112  21.98602170 -159.33634225  21.98607490 -159.33604190 51 59
111  21.98591854 -159.33591621
111  21.98590732 -159.33590283 51
115  21.98573560 -159.33572491
120 TL
111  21.98414463 -159.33843394 51
112  21.98438804 -159.33845467  21.98453846 -159.33855163
111  21.98438804 -159.33845467
112  21.98438804 -159.33845467  21.98429115 -159.33829584 51
115  21.98436069 -159.33820201
120 TL
111  21.98075910 -159.34206832 51
112  21.98127160 -159.34206108  21.98155795 -159.34224863
111  21.98127160 -159.34206108
112  21.98127160 -159.34206108  21.98109835 -159.34175238 51
115  21.98127779 -159.34151151
120 TL
111  21.97911097 -159.34383760 51
112  21.97961295 -159.34379126  21.97989745 -159.34395688
111  21.97961295 -159.34379126
112  21.97961295 -159.34379126  21.97948959 -159.34346063 51
115  21.97962020 -159.34329094
120 TL
111  21.97696548 -159.34614079 51
112  21.97746387 -159.34621355  21.97776181 -159.34642809
111  21.97746387 -159.34621355
112  21.97746387 -159.34621355  21.97726492 -159.34590647 51
115  21.97740686 -159.34566697
120 TL
111  21.97499651 -159.34825449 51
112  21.97549129 -159.34826411  21.97576571 -159.34844604
111  21.97549129 -159.34826411
112  21.97549129 -159.34826411  21.97532257 -159.34797696 51
115  21.97548641 -159.34772859
120 TL
112  21.98573560 -159.33572491  21.98544413 -159.33544487 51
111  21.98518269 -159.33566733 51
115  21.98479369 -159.33608450
120 TL
111  21.98333538 -159.33732548 51
111  21.98324298 -159.33722584
112  21.98324298 -159.33722584  21.98312539 -159.33710446 51
115  21.98299782 -159.33709275
120 TL
111  21.98282091 -159.33820029 51
111  21.98320991 -159.33778312 51
112  21.98354557 -159.33767808  21.98371021 -159.33770888 51
115  21.98380177 -159.33782015
120 TL
111  21.97926521 -159.34201431 51
111  21.97965421 -159.34159715 51
116  21.97997653 -159.34145920  21.98015939 -159.34145660
120 TL
111  21.97458998 -159.34702946 51
111  21.97420098 -159.34744662 51
116  21.97423862 -159.34802547  21.97452099 -159.34832657
120 TL
111  21.97512730 -159.34645151 51
111  21.97473830 -159.34686867 51
116  21.97475645 -159.34747645  21.97502478 -159.34778936
120 TL
111  21.97707837 -159.34436098 51
111  21.97668937 -159.34477814 51
116  21.97674594 -159.34542512  21.97704619 -159.34574551
120 TL
111  21.97534455 -159.34986740 51
111  21.97591094 -159.34925855 51
111  21.97640025 -159.34873256 51
111  21.97785715 -159.34716644 51
111  21.97833078 -159.34665730 51
115  21.97875079 -159.34620581
120 TL
111  21.97939096 -159.34341616 51
116  21.97961295 -159.34379126  21.97984897 -159.34404306
120 TL
111  21.97591094 -159.34925855 51
112  21.97594560 -159.34875108  21.97579412 -159.34848568
111  21.97594560 -159.34875108
112  21.97594560 -159.34875108  21.97619536 -159.34890489 51
115  21.97640025 -159.34873256
120 TL
111  21.97785715 -159.34716644 51
112  21.97787072 -159.34666034  21.97771924 -159.34639494
111  21.97787072 -159.34666034
112  21.97787072 -159.34666034  21.97812048 -159.34681416 51
115  21.97833078 -159.34665730
120 TL
111  21.98014297 -159.34487935 51
112  21.98014243 -159.34435534  21.97999095 -159.34408993
111  21.98014243 -159.34435534
112  21.98014243 -159.34435534  21.98039219 -159.34450915 51
115  21.98062055 -159.34435785
120 TL
111  21.97961295 -159.34379126 51
111  21.98014243 -159.34435534 51
115  21.98038561 -159.34461440
120 TL
111  21.98010721 -159.34491840 51
111  21.98014297 -159.34487935 51
111  21.98038561 -159.34461440 51
111  21.98062055 -159.34435785 51
111  21.98179804 -159.34307207 51
116  21.98178256 -159.34261252  21.98166013 -159.34233621
120 TL
111  21.98289374 -159.34130174 51
116  21.98274863 -159.34130667  21.98268172 -159.34136538
120 TL
111  21.98313725 -159.34104207 51
116  21.98301127 -159.34102828  21.98295452 -159.34106945
120 TL
111  21.98339063 -159.34184765 51
111  21.98289374 -159.34130174 51
111  21.98281435 -159.34121451 51
116  21.98255362 -159.34121804  21.98241351 -159.34132913
120 TL
111  21.98363413 -159.34158797 51
111  21.98313725 -159.34104207 51
111  21.98305785 -159.34095484 51
116  21.98279240 -159.34095833  21.98265229 -159.34106942
120 TL
111  21.98252278 -159.34017501 51
112  21.98279032 -159.34018192  21.98293676 -159.34026553
111  21.98279032 -159.34018192
112  21.98279032 -159.34018192  21.98270212 -159.34004095 51
115  21.98277178 -159.33990770
120 TL
111  21.98279032 -159.34018192 51
111  21.98302976 -159.34045016 51
111  21.98310493 -159.34053437 51
112  21.98328121 -159.34056566  21.98341264 -159.34056903
111  21.98328121 -159.34056566 51
115  21.98382472 -159.34058423
120 TL
111  21.98396351 -159.34144269 51
111  21.98330897 -159.34074122
112  21.98330897 -159.34074122  21.98318689 -159.34063432 51
115  21.98302159 -159.34070906
120 TL
111  21.98336664 -159.34081729 51
112  21.98321545 -159.34081185  21.98315739 -159.34087718
111  21.98321545 -159.34081185 51
111  21.98301127 -159.34102828 51
111  21.98274863 -159.34130667 51
111  21.98252667 -159.34154195 51
116  21.98226137 -159.34170509  21.98210073 -159.34174469
120 TL
111  21.98200840 -159.34170992 51
112  21.98222753 -159.34157269  21.98234694 -159.34145441
111  21.98222753 -159.34157269 51
111  21.98255362 -159.34121804 51
111  21.98279240 -159.34095833 51
111  21.98302159 -159.34070906 51
116  21.98302976 -159.34045016  21.98293257 -159.34029594
120 TL
111  21.98127779 -159.34151151 51
116  21.98140336 -159.34145628  21.98147694 -159.34144730
120 TL
111  21.98197904 -159.34206952 51
111  21.98197627 -159.34190782
112  21.98197627 -159.34190782  21.98194017 -159.34177606 51
115  21.98179588 -159.34163818
120 TL
111  21.98166183 -159.34109924 51
112  21.98166471 -159.34149405  21.98179919 -159.34166418
111  21.98166471 -159.34149405 51
111  21.98179588 -159.34163818 51
112  21.98200840 -159.34170992  21.98214724 -159.34171672
111  21.98200840 -159.34170992 51
111  21.98226137 -159.34170509 51
115  21.98282221 -159.34169439
120 TL
112  21.97896327 -159.33708489  21.97924948 -159.33711141 51
115  21.97935794 -159.33733836
120 TL
112  21.97970363 -159.33708633  21.97940177 -159.33714902 51
115  21.97938440 -159.33754941
120 TL
111  21.97853440 -159.33656839 51
112  21.97763679 -159.33614114  21.97728388 -159.33600135 51
111  21.97631527 -159.33588787 51
115  21.97576666 -159.33588797
120 TB
111  21.96788467 -159.33609953 53 102
112  21.96749167 -159.33653924  21.96744985 -159.33687341 53 102
111  21.96773683 -159.33691451 53 102
111  21.96833741 -159.33695635 53 102
111  21.97868752 -159.33697431 53 102
112  21.97872817 -159.33682684  21.97861730 -159.33672920
111  21.97872817 -159.33682684 53 102
111  21.97845098 -159.33666144 53 102
112  21.97768522 -159.33632860  21.97744416 -159.33622269 53 102
115  21.97666143 -159.33610348
120 TB
111  21.96429526 -159.33610580 53 102
112  21.96404683 -159.33645322  21.96404347 -159.33670863
111  21.96404683 -159.33645322 53 102
111  21.96404683 -159.33660174
112  21.96404683 -159.33660174  21.96406531 -159.33688432 53 102
111  21.96435675 -159.33690142 53 102
111  21.96507987 -159.33694651 53 102
111  21.96691364 -159.33695447 53 102
112  21.96724323 -159.33659908  21.96726843 -159.33628027
111  21.96724323 -159.33659908 53 102
111  21.96724815 -159.33648504
112  21.96724815 -159.33648504  21.96724143 -159.33616442 53 102
115  21.96694316 -159.33610579
120 TB
111  21.97831387 -159.33610457 53 102
112  21.97831658 -159.33627087  21.97841099 -159.33635471
111  21.97831658 -159.33627087 53 102
111  21.97895509 -159.33666766 53 102
112  21.97996698 -159.33697984  21.98049915 -159.33699431
111  21.97996698 -159.33697984 53 102
111  21.98046480 -159.33698276 53 102
111  21.98118929 -159.33693316 53 102
112  21.98140816 -159.33665961  21.98141824 -159.33644040
111  21.98140816 -159.33665961 53 102
111  21.98141115 -159.33648968
112  21.98141115 -159.33648968  21.98138931 -159.33619620 53 102
115  21.98107025 -159.33609872
120 TB
111  21.98165370 -159.33610303 53 102
111  21.98166452 -159.33662820 53 102
112  21.98193650 -159.33693529  21.98220888 -159.33695941
111  21.98193650 -159.33693529 53 102
111  21.98255592 -159.33698123 53 102
111  21.98300504 -159.33698123 53 102
112  21.98321389 -159.33704723  21.98332141 -159.33711064
111  21.98321389 -159.33704723
112  21.98321389 -159.33704723  21.98340036 -159.33715050 53 102
115  21.98358259 -159.33705709
120 TB
111  21.97927557 -159.34167587 53 102
111  21.97928245 -159.33869058 53
111  21.97928320 -159.33836508 53 102
111  21.97928402 -159.33800828 53 102
111  21.97925967 -159.33753855 53 102
112  21.97899453 -159.33723804  21.97874832 -159.33718260
111  21.97899453 -159.33723804 53 102
111  21.97826943 -159.33718844 53 102
111  21.96435570 -159.33716812 53 102
112  21.96396754 -159.33701080  21.96381231 -159.33683744 53 102
111  21.96380376 -159.33660426 53 102
115  21.96380647 -159.33610541
120 TB
111  21.98287761 -159.33780597 53 102
112  21.98291339 -159.33745392  21.98284451 -159.33728182 53 102
111  21.98262047 -159.33722967 53 102
111  21.98234321 -159.33721038 53 102
111  21.98052341 -159.33719591 53 102
111  21.97975422 -159.33724414 53 102
112  21.97950379 -159.33751902  21.97945509 -159.33776118
111  21.97950379 -159.33751902 53 102
111  21.97948143 -159.33787348 53 102
111  21.97948367 -159.33988957 53 102
111  21.97951944 -159.34051168 53 102
112  21.97970503 -159.34085166  21.97985484 -159.34093123 53 102
115  21.98002255 -159.34087578
120 TB
111  21.98570342 -159.33540934 53 102
111  21.98641663 -159.33617399 53 102
111  21.98455297 -159.33815122 53 102
112  21.98453480 -159.33844819  21.98463440 -159.33859287
111  21.98453480 -159.33844819 53 102
111  21.98464151 -159.33856766 53 102
112  21.98491860 -159.33858692  21.98506699 -159.33846417
111  21.98491860 -159.33858692 53 102
115  21.98516595 -159.33832677
120 TB
111  21.98371241 -159.33753985 53 102
111  21.98408443 -159.33794103 53 102
112  21.98444157 -159.33793140  21.98458589 -159.33779111
111  21.98444157 -159.33793140 53 102
111  21.98496074 -159.33740285 53 102
111  21.98587325 -159.33639183 53 102
112  21.98588202 -159.33599858  21.98574609 -159.33580094
111  21.98588202 -159.33599858 53 102
111  21.98577379 -159.33587161
112  21.98577379 -159.33587161  21.98554929 -159.33567232 53 102
115  21.98530893 -159.33582467
120 TB
111  21.98413131 -159.33862465 53 102
111  21.98294383 -159.33990201 53 102
112  21.98293651 -159.34019563  21.98303578 -159.34032410
111  21.98293651 -159.34019563 53 102
111  21.98304800 -159.34030961 53 102
112  21.98332478 -159.34028394  21.98343168 -159.34015053
111  21.98332478 -159.34028394 53 102
111  21.98448547 -159.33904509 53 102
112  21.98452118 -159.33876587  21.98443566 -159.33862588
111  21.98452118 -159.33876587 53 102
111  21.98440809 -159.33863107
114  21.98440809 -159.33863107  21.98428438 -159.33850920 53 102
120 TB
111  21.98175052 -159.34117855
112  21.98175052 -159.34117855  21.98168399 -159.34125428 53 102
111  21.98173708 -159.34134341 53 102
111  21.98191347 -159.34153182 53 102
112  21.98218898 -159.34150827  21.98230356 -159.34138671
111  21.98218898 -159.34150827 53 102
111  21.98288057 -159.34077005 53 102
112  21.98290828 -159.34048309  21.98281421 -159.34034902
111  21.98290828 -159.34048309 53 102
111  21.98281774 -159.34037547 53 102
112  21.98251098 -159.34035754  21.98234802 -159.34049341
113  21.98251098 -159.34035754 53 102
120 TB
111  21.98157052 -159.34187189 53 102
111  21.98156848 -159.34161761 53 102
111  21.98150953 -159.34155623 53 102
112  21.98134895 -159.34164610  21.98127106 -159.34177950 53 102
111  21.98135911 -159.34194642 53 102
111  21.98157662 -159.34223796 53 102
111  21.98168232 -159.34234537 53 102
111  21.98188559 -159.34250759 53 102
112  21.98221083 -159.34243744  21.98233606 -159.34229910
111  21.98221083 -159.34243744 53 106
111  21.98240800 -159.34243306 53 106
111  21.98266108 -159.34271428 53
115  21.98301452 -159.34309456
120 TB
111  21.98023283 -159.34127619 53 102
112  21.98029787 -159.34138360  21.98036507 -159.34138903
111  21.98029787 -159.34138360 53 102
111  21.98116179 -159.34139018 53 102
112  21.98135363 -159.34128276  21.98143259 -159.34118675
111  21.98135363 -159.34128276 53 102
111  21.98341021 -159.33908656 53 102
111  21.98386056 -159.33857038
112  21.98386056 -159.33857038  21.98406552 -159.33829863 53 102
111  21.98389106 -159.33811153 53 102
111  21.98376304 -159.33796415
112  21.98376304 -159.33796415  21.98356481 -159.33779567 53 102
115  21.98335499 -159.33792489
120 TB
111  21.97976873 -159.34333639
112  21.97976873 -159.34333639  21.97960073 -159.34358178 53 102
111  21.97976135 -159.34375546 53 102
111  21.97999501 -159.34404722 53 102
111  21.98021392 -159.34422758 53 102
112  21.98059270 -159.34418780  21.98075995 -159.34400744
111  21.98059270 -159.34418780 53 102
111  21.98114079 -159.34363703 53 102
111  21.98131050 -159.34344340 53 102
111  21.98166223 -159.34300841 53 102
112  21.98165239 -159.34266625  21.98153612 -159.34249505
111  21.98165239 -159.34266625 53 102
111  21.98142611 -159.34237979 53 102
111  21.98121704 -159.34219678 53 102
112  21.98081858 -159.34220473  21.98061443 -159.34239040
111  21.98081858 -159.34220473 53 102
111  21.98041767 -159.34260790 53 102
113  21.98024303 -159.34279887 53 102
120 TB
111  21.97949145 -159.34207459 53 102
111  21.97948977 -159.34300394
112  21.97948977 -159.34300394  21.97949481 -159.34323402 53 102
111  21.97961745 -159.34315249 53 102
111  21.98081745 -159.34185875 53 102
112  21.98081947 -159.34175772  21.98077976 -159.34170996
111  21.98081947 -159.34175772 53 102
111  21.98069649 -159.34162992 53 102
112  21.98050419 -159.34152865  21.98040798 -159.34152041
111  21.98050419 -159.34152865 53 102
115  21.97999662 -159.34153106
120 TB
111  21.98060078 -159.34568663 53
111  21.98025736 -159.34531927 53 106
111  21.97990338 -159.34494063 53 102
111  21.98003324 -159.34478016 53 102
112  21.98001431 -159.34440671  21.97988624 -159.34423135
111  21.98001431 -159.34440671 53 102
111  21.97959494 -159.34396323 53 102
112  21.97919181 -159.34395156  21.97896414 -159.34414666
111  21.97919181 -159.34395156 53 102
111  21.97800636 -159.34518215 53 102
111  21.97758572 -159.34565835 53 102
112  21.97758031 -159.34613933  21.97778174 -159.34639042
111  21.97758031 -159.34613933 53 102
111  21.97793745 -159.34654779 53 102
112  21.97831352 -159.34651278  21.97846875 -159.34635934
111  21.97831352 -159.34651278 53 102
115  21.97869230 -159.34611891
120 TB
111  21.97682945 -159.34492833 53 102
112  21.97686746 -159.34537199  21.97701504 -159.34556561
111  21.97686746 -159.34537199 53 102
111  21.97698150 -159.34550219
112  21.97698150 -159.34550219  21.97720041 -159.34570112 53 102
111  21.97739516 -159.34549496 53 102
111  21.97907253 -159.34373459 53 102
112  21.97928979 -159.34314728  21.97929963 -159.34275738
111  21.97928979 -159.34314728 53 102
111  21.97928681 -159.34252287
112  21.97928681 -159.34252287  21.97928529 -159.34238947 53 102
115  21.97918089 -159.34240906
120 TB
111  21.97561383 -159.34777889
112  21.97561383 -159.34777889  21.97543882 -159.34797420 53 102
111  21.97561383 -159.34822177 53 102
111  21.97599180 -159.34860688 53 102
112  21.97636084 -159.34858763  21.97654419 -159.34842126
111  21.97636084 -159.34858763 53 102
111  21.97773088 -159.34713062 53 102
112  21.97774617 -159.34670810  21.97761866 -159.34648292
111  21.97774617 -159.34670810 53 102
111  21.97741243 -159.34631224 53 102
112  21.97698089 -159.34630904  21.97674990 -159.34649436
111  21.97698089 -159.34630904 53 102
113  21.97634183 -159.34696472 53 102
120 TB
111  21.97526209 -159.34980222 53 102
111  21.97580861 -159.34920997 53 102
112  21.97584108 -159.34883069  21.97574761 -159.34867951
111  21.97584108 -159.34883069 53 102
111  21.97545689 -159.34840473 53 102
112  21.97505105 -159.34838431  21.97482969 -159.34855141
111  21.97505105 -159.34838431 53 102
111  21.97466505 -159.34875071 53 102
111  21.97415010 -159.34934417 53
112  21.97380974 -159.34951525  21.97358984 -159.34954913 53
111  21.97339314 -159.34937917 53 102
115  21.97304141 -159.34898769
120 TB
111  21.97486927 -159.34702793 53 102
112  21.97490641 -159.34744593  21.97504169 -159.34762363
111  21.97490641 -159.34744593 53 102
111  21.97506137 -159.34761435 53 102
112  21.97544826 -159.34757934  21.97562782 -159.34740429
111  21.97544826 -159.34757934 53 102
111  21.97682209 -159.34610527 53 102
112  21.97683292 -159.34570265  21.97670323 -159.34547841
111  21.97683292 -159.34570265 53 102
115  21.97646766 -159.34532045
120 TB
111  21.97433864 -159.34759137 53 102
112  21.97438796 -159.34802964  21.97455763 -159.34821804
111  21.97438796 -159.34802964 53 102
111  21.97452659 -159.34817752 53 102
112  21.97489697 -159.34816956  21.97505489 -159.34801558
111  21.97489697 -159.34816956
112  21.97489697 -159.34816956  21.97503137 -159.34803188 53 102
111  21.97493387 -159.34786455 53 102
115  21.97452065 -159.34740306
120 TB
111  21.97341959 -159.34858349 53 102
112  21.97344021 -159.34904118  21.97361731 -159.34929049
111  21.97344021 -159.34904118 53 102
111  21.97356565 -159.34917379
112  21.97356565 -159.34917379  21.97378456 -159.34934884 53 102
111  21.97396411 -159.34916583 53 102
111  21.97457409 -159.34855051 53 102
115  21.97401330 -159.34794809
120 WS Circle
112  21.97634959 -159.34800688  21.97635272 -159.34793827 21 106
112  21.97621543 -159.34785463  21.97614242 -159.34785463 21 106
112  21.97608660 -159.34799065  21.97608555 -159.34806151 21 106
114  21.97621137 -159.34813958  21.97628856 -159.34814070 21 106
120 WS Circle
112  21.96668898 -159.33663267  21.96669211 -159.33656406 21 106
112  21.96655482 -159.33648043  21.96648180 -159.33648043 21 106
112  21.96642598 -159.33661644  21.96642494 -159.33668730 21 106
114  21.96655075 -159.33676537  21.96662794 -159.33676649 21 106
21  21.97500912 -159.34723557 2 44.8400 3.00 03  PAPI-4L
21  21.97904856 -159.33541148 2 180.0200 3.00 17  PAPI-4L
21  21.98275869 -159.33755273 2 224.8400 3.00 21  PAPI-4L
21  21.96619267 -159.33634197 2 0.0200 3.00 35  PAPI-4L
20  21.96794473 -159.33628302 180.0100 0 4 {@B}1{@@,@B}5
20  21.97067391 -159.33627734 180.0100 0 4 {@B}2{@@,@B}4
20  21.97342917 -159.33629113 180.0100 0 4 {@B}3{@@,@B}3
20  21.97615984 -159.33630412 180.0100 0 4 {@B}4{@@,@B}2
20  21.97892979 -159.33630593 180.0100 0 4 {@B}5{@@,@B}1
20  21.98308860 -159.33842433 224.8400 0 4 {@B}5{@@,@B}1
20  21.98140111 -159.34020136 224.8400 0 4 {@B}4{@@,@B}2
20  21.97750685 -159.34437447 224.8400 0 4 {@B}2{@@,@B}4
20  21.97555744 -159.34645622 224.8400 0 4 {@B}1{@@,@B}5
20  21.98272300 -159.33679949 360.0000 0 3 {@R}03-21{@L}B
20  21.97916497 -159.34077477 270.0000 0 3 {@L}D{@R}03-21{@@,safety}{@L}D
20  21.98490155 -159.33805580 44.5000 0 3 {@L}A{@R}17_APCH{@@,safety}
20  21.97964375 -159.34291681 90.0000 0 3 {@L}D{@R}21-03{@@,safety}{@L}D
20  21.98071724 -159.34119961 180.9500 0 3 {@L}H{@R}21-03{@@,safety}{@L}H
20  21.98418872 -159.33777445 135.0000 0 3 {@L}B{@R}21-03{@@,safety}{@L}B
20  21.98614044 -159.33567924 135.0000 0 3 {@L}A{@R}21{@@,safety}{@L}A
20  21.98271218 -159.33743845 360.0000 0 3 {@L}B{@R}03-21{@@,safety}{@L}B
20  21.97574721 -159.34792056 225.0000 0 3 {@L}A{@Y,^l}K{^r}
20  21.97516540 -159.34853979 45.0000 0 3 {@L}A{@Y,^l}K{^r}
20  21.97590258 -159.34823988 135.0000 0 3 {@L}K{@Y,^l}A{^r}
20  21.97484034 -159.34798760 315.0000 0 3 {@L}K{@Y,^l}A{^r}
20  21.97770498 -159.34582416 225.0000 0 3 {@L}A{@Y,^l}J{^r}
20  21.97712029 -159.34645069 45.0000 0 3 {@L}A{@Y,^l}J{^r}
20  21.97785263 -159.34617242 135.0000 0 3 {@L}J{@Y,^l}A{^r}
20  21.97671037 -159.34583856 315.0000 0 3 {@L}J{@Y,^l}A{^r}
20  21.97988324 -159.34345500 225.0000 0 3 {@L}A{@Y,^l}D{^r}
20  21.97932442 -159.34410145 45.0000 0 3 {@L}A{@Y,^l}D{^r}
20  21.98003828 -159.34379928 135.0000 0 3 {@L}D{@Y,^l}A{^r}
20  21.97909744 -159.34325617 270.0000 0 3 {@L}D{@Y,^l}A{^r}
20  21.98147412 -159.34088275 225.0000 0 3 {@L}A{@Y}G{^r}
20  21.98144166 -159.34174929 225.0000 0 3 {@L}A{@Y}H{^r}{@Y,^l}G{@L}A
20  21.98093398 -159.34235578 45.0000 0 3 {@Y,^l}H{@L}A
20  21.98198667 -159.34134233 135.0000 0 3 {@L}G{@Y,^l}A{^r}
20  21.98112326 -159.34234435 135.0000 0 3 {@L}H{@Y,^l}A{^r}
20  21.98010167 -159.34232793 315.0000 0 3 {@L}B{@Y,^l}A{^r}
20  21.98306359 -159.34000371 225.0000 0 3 {@L}A{@Y}F{^r}
20  21.98263496 -159.34048368 45.0000 0 3 {@Y,^l}F{@L}A
20  21.98313127 -159.34010723 135.0000 0 3 {@L}F{@Y,^l}A{^r}
20  21.97867062 -159.33736328 360.0000 0 3 {@Y,^l}D{@L}B
20  21.96783966 -159.33679464 180.0000 0 3 {@Y,^l}C{@L}B
20  21.96732315 -159.33728483 270.0000 0 3 {@Y}B{^r}
20  21.98469160 -159.33828457 225.0000 0 3 {@L}A{@Y,^l}B{^r}
20  21.98425290 -159.33877359 45.0000 0 3 {@L}A{@Y,^l}B{^r}
20  21.98471729 -159.33839170 135.0000 0 3 {@L}B{@Y,^l}A{^r}
20  21.98381157 -159.33834679 315.0000 0 3 {@L}B{@Y,^l}A{^r}
20  21.98153999 -159.33733599 270.0000 0 3 {@Y,^l}B{^r}
20  21.98203559 -159.33681659 180.0000 0 3 {@Y,^l}E{@L}B
20  21.96439421 -159.33626270 180.0000 0 3 {@Y}B{^r}
20  21.96797909 -159.33623061 180.0000 0 3 {@Y}C{^r}
20  21.97640153 -159.33629771 360.0000 0 3 {@Y,^lu}D
20  21.97360142 -159.34863678 225.0000 0 3 {@Y}M{^r}
20  21.97450170 -159.34768364 225.0000 0 3 {@Y}L{^r}
20  21.97517474 -159.34695064 225.0000 0 3 {@Y}K{^r}
20  21.97698840 -159.34501417 225.0000 0 3 {@Y}J{^r}
20  21.97988643 -159.34190652 45.0000 0 3 {@Y,^lu}H
20  21.98333769 -159.33813358 45.0000 0 3 {@Y,^l}B
20  21.98542697 -159.33604120 45.0000 0 3 {@Y,^l}A
20  21.98106242 -159.33630915 360.0000 0 3 {@Y,^l}E
20  21.98106569 -159.33733506 360.0000 0 3 {@L}B{@Y}E{^r}
20  21.97988119 -159.33736073 180.0000 0 3 {@L}B{@Y,^lu}D{^r}
20  21.97964580 -159.33764666 90.0000 0 3 {@Y,^l}B{^r}{@L}D{@Y}D{^ru}
20  21.97867363 -159.33685466 333.8400 0 3 {@Y,^lu}D{@L}D{@Y}B{^ru}
20  21.96769085 -159.33677422 90.0000 0 3 {@L}C{@R}17-35{@@,safety}{@L}C
20  21.96425952 -159.33675996 90.0000 0 3 {@L}B{@R}35{@@,safety}{@L}B
20  21.97903377 -159.33649498 147.8500 0 3 {@L}D{@R}17-35{@@,safety}{@L}D
20  21.98183984 -159.33665779 90.0000 0 3 {@L}E{@R}17{@@,safety}{@L}E
20  21.97711410 -159.34535382 134.0000 0 3 {@L}J{@R}21-03{@@,safety}{@L}J
20  21.97516454 -159.34744865 134.0000 0 3 {@L}K{@R}21-03{@@,safety}{@L}K
20  21.97463197 -159.34802145 134.0000 0 3 {@L}L{@R}21-03{@@,safety}{@L}L
20  21.97368345 -159.34901436 134.0000 0 3 {@L}M{@R}03{@@,safety}{@L}M
14  21.98269979 -159.34217830  49.21 0 ATC Tower
1300  21.97384305 -159.34937880 180.13 misc heavy|jets|turboprops|props Hold Short Rwy 03
1301 E none 
1300  21.98172474 -159.33701486 133.37 misc heavy|jets|turboprops|props Hold Short Rwy 17
1301 E none 
1300  21.98602170 -159.33634225  85.27 misc heavy|jets|turboprops|props Hold Short Rwy 21
1301 E none 
1300  21.96428813 -159.33704963 180.13 misc heavy|jets|turboprops|props Hold Short Rwy 35
1301 E none 
1300  21.97921297 -159.34686896 315.00 gate heavy|jets|turboprops|props|helos Gate 3
1301 E none 
1300  21.97799924 -159.34815941 315.00 gate heavy|jets|turboprops|props|helos Gate 6
1301 E none 
1300  21.97707499 -159.34899032 315.00 gate heavy|jets|turboprops|props|helos Gate 8
1301 E none 
1300  21.98148989 -159.34409652 135.22 gate heavy|jets|turboprops|props Cargo Ramp
1301 E none 
1300  21.98303251 -159.34145396 133.56 hangar jets|turboprops|props|helos GA Hangars
1301 C none 
18  21.98300913 -159.34248277 1 BCN
19  21.97621906 -159.34798812 1 WS
19  21.97890547 -159.33516530 1 WS
19  21.96656391 -159.33660872 1 WS
19  21.98260497 -159.34621895 0 WS
50 12720 ATIS
51 11890 CTAF
53 12190 GND
54 11890 TWR
54 12840 TWR
99
