I
1130 Generated by WorldEditor 2.0.0r4

1    454 1 0 PHMK Molokai
1302 city Kaunakakai
1302 country United States
1302 datum_lat 21.152886111
1302 datum_lon -157.096255556
1302 faa_code MKK
1302 iata_code MKK
1302 icao_code PHMK
1302 region_code PH
1302 state Hawaii
1302 transition_alt 18000
1302 transition_level 18000
100 30.48 1 1 0.25 0 2 0 05  21.14961634 -157.10111033    0    0 2 0 0 1 23  21.15574766 -157.08962632  181    0 2 0 0 0
100 30.48 1 0 0.00 0 2 0 17  21.15745730 -157.09763968  130    0 2 0 0 0 35  21.14888100 -157.09762367    0    0 2 0 0 0
110 1 0.25 0.0000 lib/airport/pavement/asphalt_2D.pol
111  21.15531994 -157.09360901
111  21.15539903 -157.09365180
111  21.15542119 -157.09360416
111  21.15579074 -157.09383457
111  21.15577037 -157.09387825
111  21.15581666 -157.09390208
111  21.15583590 -157.09385952
111  21.15592406 -157.09391399
111  21.15536682 -157.09509399
111  21.15520817 -157.09500100
111  21.15559787 -157.09416386
111  21.15561470 -157.09416927
111  21.15563490 -157.09413137
111  21.15527635 -157.09390755
111  21.15534201 -157.09378060
113  21.15526049 -157.09372686
110 1 0.25 60.0000 lib/airport/pavement/asphalt_2D.pol
111  21.15496866 -157.09382942
111  21.15471875 -157.09429825
111  21.15448470 -157.09416576
111  21.15459672 -157.09396395
111  21.15436835 -157.09381751
111  21.15440796 -157.09374348
111  21.15463705 -157.09388467
113  21.15474061 -157.09368908
110 1 0.25 150.0000 lib/airport/pavement/asphalt_1D.pol
111  21.15532834 -157.09526707
112  21.15541166 -157.09548548  21.15553434 -157.09556006
111  21.15541166 -157.09548548
111  21.15539315 -157.09552916
112  21.15539315 -157.09552916  21.15530967 -157.09549932
111  21.15523760 -157.09558475
111  21.15532043 -157.09562509
111  21.15529315 -157.09568403
111  21.15520797 -157.09563836
111  21.15518020 -157.09570587
111  21.15509317 -157.09580514
111  21.15467839 -157.09558078
111  21.15474134 -157.09544775
111  21.15484134 -157.09549937
111  21.15489318 -157.09537826
111  21.15475431 -157.09528891
111  21.15469320 -157.09541598
111  21.15397288 -157.09501491
112  21.15397288 -157.09501491  21.15380808 -157.09494542
111  21.15368645 -157.09509252
111  21.15392663 -157.09464299
111  21.15395940 -157.09458175
112  21.15403954 -157.09490968  21.15419694 -157.09504271
111  21.15403954 -157.09490968
111  21.15463395 -157.09523927
112  21.15475986 -157.09520949  21.15479047 -157.09514714
111  21.15475986 -157.09520949
111  21.15484874 -157.09501888
113  21.15530241 -157.09525365
110 1 0.25 60.0000 lib/airport/pavement/asphalt_2D.pol
111  21.15246847 -157.09740724
111  21.15231774 -157.09740969
111  21.15259404 -157.09688681
111  21.15379026 -157.09462308
111  21.15381599 -157.09457438
111  21.15392663 -157.09464299
111  21.15368645 -157.09509252
111  21.15366136 -157.09513948
111  21.15353032 -157.09538474
111  21.15269354 -157.09695090
113  21.15247508 -157.09735978
110 1 0.25 150.0000 lib/airport/pavement/asphalt_1D.pol
111  21.15588792 -157.09008794
111  21.15578858 -157.09003051
111  21.15572167 -157.09003731
111  21.15588276 -157.08973146
113  21.15602770 -157.08982253
110 1 0.25 150.0000 lib/airport/pavement/asphalt_1D.pol
111  21.15433143 -157.09299800
111  21.15418560 -157.09291370
111  21.15436285 -157.09257876
113  21.15450779 -157.09266983
110 1 0.25 150.0000 lib/airport/pavement/asphalt_1D.pol
111  21.14990823 -157.10126641
111  21.14975860 -157.10118109
111  21.14989499 -157.10092766
113  21.15003993 -157.10101873
110 2 0.25 60.0000 lib/airport/pavement/concrete_4D.pol
111  21.15489318 -157.09537826
111  21.15484134 -157.09549937
111  21.15474134 -157.09544775
111  21.15469320 -157.09541598
113  21.15475431 -157.09528891
110 1 0.25 150.2000 A
111  21.15615292 -157.09026855 102
111  21.15613968 -157.09023055 102
111  21.15598291 -157.09014175 102
111  21.15588792 -157.09008794
111  21.15602770 -157.08982253 102
111  21.15611933 -157.08987573 102
113  21.15630714 -157.08998478
110 1 0.25 60.2000 A
111  21.15392663 -157.09464300
111  21.15381599 -157.09457438
111  21.15398694 -157.09425411 102
111  21.15458395 -157.09315558
111  21.15476521 -157.09282203 102
111  21.15615292 -157.09026855
111  21.15630714 -157.08998478 102
111  21.15639228 -157.09003518 102
111  21.15546936 -157.09175992
111  21.15516923 -157.09232081
111  21.15461591 -157.09335485 102
111  21.15440796 -157.09374348
111  21.15436834 -157.09381751 102
113  21.15395940 -157.09458175 102
110 1 0.25 150.2000 A
111  21.14987666 -157.10091593
111  21.14989499 -157.10092766
111  21.14975860 -157.10118109
113  21.14974040 -157.10117020
110 1 0.25 60.2000 A
111  21.15246847 -157.09740724 102
112  21.15253133 -157.09748604  21.15257452 -157.09749698
111  21.15253133 -157.09748604
111  21.15221515 -157.09748480
112  21.15221515 -157.09748480  21.15226069 -157.09747638 102
113  21.15231774 -157.09740969
110 1 0.25 150.2000 A
111  21.15016956 -157.10143538 102
111  21.14997990 -157.10131275 102
111  21.14990823 -157.10126641
111  21.15003993 -157.10101873 102
111  21.15010996 -157.10106092 102
111  21.15025943 -157.10115097
112  21.15025943 -157.10115097  21.15029156 -157.10116858 102
113  21.15033521 -157.10112465
110 1 0.25 60.2000 A
111  21.15026680 -157.10149700 102
111  21.15016956 -157.10143538
111  21.15033521 -157.10112465 102
111  21.15181425 -157.09835018 102
111  21.15208392 -157.09784432 102
111  21.15205133 -157.09777585
111  21.15226603 -157.09777410 102
113  21.15194723 -157.09836775 102
110 1 0.25 150.2000 A
111  21.15585731 -157.08971280
111  21.15588276 -157.08973146
111  21.15572167 -157.09003732
113  21.15565724 -157.09008748
110 1 0.25 45.0000 B
111  21.15398694 -157.09425411
111  21.15381599 -157.09457438
111  21.15379026 -157.09462308 102
111  21.15338806 -157.09508054 102
111  21.15237312 -157.09623491
111  21.15268479 -157.09565575 102
111  21.15274347 -157.09568096 102
113  21.15332176 -157.09501738 102
110 1 0.25 150.2000 C
111  21.15458395 -157.09315558 102
111  21.15442704 -157.09305767 102
111  21.15433143 -157.09299800
111  21.15450779 -157.09266983 102
111  21.15460083 -157.09272484 102
113  21.15476521 -157.09282203
110 1 0.25 150.2000 C
111  21.15435782 -157.09252221
111  21.15436285 -157.09257876
111  21.15418560 -157.09291370
113  21.15412084 -157.09296089
110 1 0.25 115.0000 E
111  21.15486269 -157.09749120
111  21.15393353 -157.09748892 102
112  21.15420464 -157.09730621  21.15428115 -157.09719135 102
111  21.15424654 -157.09699702 102
111  21.15421924 -157.09693534 102
111  21.15408621 -157.09663476
111  21.15394973 -157.09632639 102
111  21.15353032 -157.09538473
111  21.15366136 -157.09513948 102
112  21.15367228 -157.09537176  21.15370931 -157.09546562
111  21.15367228 -157.09537176 102
111  21.15434319 -157.09687274 102
111  21.15452750 -157.09728507
114  21.15452750 -157.09728507  21.15460249 -157.09741306 102
110 1 0.25 150.2000 Apron
111  21.15516923 -157.09232081
111  21.15546936 -157.09175992
111  21.15598078 -157.09208239
113  21.15569614 -157.09262011
110 1 0.25 60.2000 Apron
111  21.15516923 -157.09232081
111  21.15569614 -157.09262011
111  21.15569002 -157.09263323
111  21.15580973 -157.09270253
111  21.15583387 -157.09265785
111  21.15590992 -157.09270160
111  21.15588437 -157.09275138
111  21.15595324 -157.09278912
111  21.15555212 -157.09353977
111  21.15548426 -157.09349548
111  21.15546964 -157.09352353
111  21.15534507 -157.09344230
111  21.15517878 -157.09376140
111  21.15510656 -157.09371830
111  21.15514980 -157.09355365
111  21.15476935 -157.09332080
112  21.15476935 -157.09332080  21.15469423 -157.09328500
113  21.15461591 -157.09335485
110 1 0.25 25.0000 Pad
111  21.15408621 -157.09663476
112  21.15394487 -157.09661351  21.15387948 -157.09664036
111  21.15394487 -157.09661351
111  21.15372081 -157.09674673
112  21.15366785 -157.09681662  21.15365635 -157.09685249
112  21.15339898 -157.09680789  21.15331432 -157.09661512
112  21.15357415 -157.09660259  21.15360029 -157.09662500
111  21.15364748 -157.09660696
111  21.15389504 -157.09647890
112  21.15389504 -157.09647890  21.15395764 -157.09644459
113  21.15394973 -157.09632639
130 Airport Boundary
111  21.15327225 -157.09851495
111  21.15209031 -157.09879867
111  21.15019306 -157.10231883
111  21.14959165 -157.10244907
111  21.14910468 -157.10230336
111  21.14858374 -157.10197552
111  21.14841386 -157.10161125
111  21.14990875 -157.09865351
111  21.14995405 -157.09841066
111  21.14717945 -157.09839852
111  21.14721342 -157.09666216
111  21.15098640 -157.09674727
111  21.15559563 -157.08753092
111  21.15604863 -157.08736092
113  21.15788326 -157.09852011
120 RH
111  21.15194723 -157.09836775 54
111  21.15181425 -157.09835018
111  21.15010996 -157.10106092 54
115  21.14997990 -157.10131275
120 RH
111  21.15611933 -157.08987573 54
111  21.15598291 -157.09014175
111  21.15460083 -157.09272484 54
111  21.15442704 -157.09305767
111  21.15332176 -157.09501738 54
111  21.15338806 -157.09508054
111  21.15259404 -157.09688681 54
115  21.15269354 -157.09695090
120 RH
111  21.15421924 -157.09693534 54
115  21.15434319 -157.09687274
120 TL
111  21.14981021 -157.10104873 51
111  21.15003734 -157.10118537
111  21.15004931 -157.10119257 51 59
111  21.15019304 -157.10127905
112  21.15019304 -157.10127905  21.15029325 -157.10130683 51 59
111  21.15034607 -157.10122489 51 59
111  21.15038716 -157.10114810 51
111  21.15166881 -157.09875260 51 59
111  21.15187664 -157.09836413
111  21.15188205 -157.09835402 51
111  21.15218806 -157.09778206
111  21.15234622 -157.09748645 51
111  21.15264448 -157.09692898
111  21.15265181 -157.09691528 51 59
111  21.15286747 -157.09651219 51
111  21.15361249 -157.09511970 51
111  21.15412477 -157.09416221 51
111  21.15473087 -157.09302935 51
111  21.15620699 -157.09027037 51 59
111  21.15624179 -157.09020533
112  21.15624179 -157.09020533  21.15626374 -157.09014705 51 59
111  21.15622170 -157.09011252 51 59
111  21.15605724 -157.09001279
111  21.15604436 -157.09000498 51
111  21.15592577 -157.08993308
112  21.15592577 -157.08993308  21.15567398 -157.08983075 51
111  21.15552241 -157.09006990 51
115  21.15524986 -157.09058040
120 TL
111  21.15473087 -157.09302935 51 59
111  21.15452223 -157.09289605
111  21.15450470 -157.09288492 51
111  21.15431297 -157.09276307
112  21.15431297 -157.09276307  21.15414602 -157.09266611 51
111  21.15404656 -157.09283321 51
115  21.15377401 -157.09334371
120 TL
111  21.15412477 -157.09416221 51
111  21.15362573 -157.09473217 51 59
111  21.15335568 -157.09504050
111  21.15334641 -157.09505108 51
115  21.15257130 -157.09593605
120 TL
111  21.15456298 -157.09751554 51
111  21.15437807 -157.09710371 51
111  21.15429036 -157.09690837
111  21.15428470 -157.09689576 51 59
111  21.15410091 -157.09648645 51
111  21.15361205 -157.09539769
112  21.15361205 -157.09539769  21.15355261 -157.09525258 51
115  21.15361249 -157.09511970
120 TL
111  21.15556543 -157.09226096 52
111  21.15577402 -157.09212747 51
112  21.15554980 -157.09197524  21.15532055 -157.09200613
111  21.15554980 -157.09197524 51
115  21.15550829 -157.09194275
120 TL
111  21.15542755 -157.09217255 51
111  21.15556543 -157.09226096 51
111  21.15567457 -157.09233094 51
116  21.15573824 -157.09216792  21.15571828 -157.09202935
120 TL
111  21.15518178 -157.09287599 52
111  21.15540976 -157.09277194 51
112  21.15528528 -157.09265171  21.15518953 -157.09263460
111  21.15528528 -157.09265171 51
115  21.15514560 -157.09257122
120 TL
111  21.15506486 -157.09280102 51
111  21.15518178 -157.09287599 51
111  21.15531188 -157.09295942 51
116  21.15537555 -157.09279639  21.15535559 -157.09265783
120 TL
111  21.15495070 -157.09331740 52
111  21.15517868 -157.09321335 51
112  21.15505420 -157.09309312  21.15495845 -157.09307601
111  21.15505420 -157.09309312 51
115  21.15491451 -157.09301263
120 TL
111  21.15483377 -157.09324242 51
111  21.15495070 -157.09331740 51
111  21.15508080 -157.09340082 51
116  21.15514447 -157.09323780  21.15512451 -157.09309923
120 TL
111  21.15349022 -157.09762182 51
111  21.15403881 -157.09762284 51
112  21.15433332 -157.09744321  21.15443517 -157.09728238 51
115  21.15437807 -157.09710371
120 TL
111  21.15527813 -157.09762614 51
111  21.15472953 -157.09762512 51
116  21.15456298 -157.09751554  21.15450859 -157.09740928
120 TL
111  21.15178961 -157.09706062 51
111  21.15206216 -157.09655012 51
116  21.15257130 -157.09593605  21.15292645 -157.09554943
120 TB
111  21.15526550 -157.09330121 1
111  21.15586246 -157.09218376
111  21.15588143 -157.09219867 1
111  21.15554187 -157.09282730 1
111  21.15564901 -157.09288833 1
111  21.15563529 -157.09291014 1
111  21.15553041 -157.09284902 1
111  21.15552088 -157.09286603 1
111  21.15562060 -157.09292849 1
111  21.15561204 -157.09294726 1
111  21.15550924 -157.09288832 1
111  21.15543624 -157.09302342 1
111  21.15554068 -157.09308409 1
111  21.15553236 -157.09310050 1
111  21.15542739 -157.09303969 1
111  21.15532368 -157.09323184 1
111  21.15542612 -157.09328901 1
111  21.15541601 -157.09330257 1
111  21.15531513 -157.09324729 1
115  21.15527941 -157.09331342
120 TB
111  21.15231774 -157.09740969 102
115  21.15379026 -157.09462308
120 TB
111  21.15436285 -157.09257876 102
115  21.15450779 -157.09266983
120 TB
111  21.15433143 -157.09299800 102
115  21.15418560 -157.09291370
120 TB
111  21.15585878 -157.08971527 102
115  21.15602770 -157.08982253
120 TB
111  21.14989499 -157.10092766 102
115  21.15003993 -157.10101873
120 TB
111  21.14990823 -157.10126641 102
115  21.14975860 -157.10118109
120 TB
111  21.15353032 -157.09538473 102
115  21.15247508 -157.09735978
120 TB
111  21.15588792 -157.09008794 102
111  21.15578902 -157.09003062
112  21.15578902 -157.09003062  21.15571154 -157.09001796 102
115  21.15566808 -157.09007020
21  21.15049692 -157.10026280 2 60.2100 3.00 05 PAPI-4L
20  21.15254560 -157.09629634 60.2000 0 2 {@Y,^lu}B
20  21.15579376 -157.09020661 60.2000 0 2 {@Y,^l}A
20  21.15387031 -157.09416979 240.2000 0 2 {@Y,^lu}B
20  21.15466489 -157.09262010 240.2000 0 2 {@Y,^l}C
20  21.15423242 -157.09312116 60.2000 0 2 {@Y,^l}C
20  21.15380245 -157.09513855 240.2000 0 2 {@Y}E{^ru}
20  21.15478020 -157.09345162 60.2000 0 2 {@Y}C{^r}
20  21.15454610 -157.09253584 240.2000 0 2 {@Y}C{^r}
20  21.15009684 -157.10086356 240.2000 0 2 {@Y}A{^r}
20  21.15619829 -157.08968282 150.2000 0 2 {@L}A{@R}23{@@,safety}
20  21.15326207 -157.09496185 228.2159 0 2 {@L}B{@R}05-23{@@,safety}
20  21.15210503 -157.09846274 60.2000 0 2 {@L}A{@R}17-35{@@,safety}
20  21.15187579 -157.09792397 360.0000 0 2 {@Y,^ld}A
20  21.15268370 -157.09726409 180.0000 0 2 {@Y,^ld}A
20  21.15481983 -157.09728886 180.0000 0 2 {@Y,^lu}B
20  21.15238146 -157.09792563 180.0000 0 2 {@Y}A{^ru}
20  21.15219484 -157.09726412 360.0000 0 2 {@Y}A{^ru}{@@,@R}23-05
20  21.15393378 -157.09726920 360.0000 0 2 {@Y}B{^rd}
20  21.15406822 -157.09702677 294.2863 0 2 {@L}B{@R}35-17{@@,safety}
20  21.15242544 -157.09680692 240.2000 0 2 {@L}A{@R}35-17{@@,safety}
20  21.15018808 -157.10088789 150.2000 0 2 {@L}A{@R}05{@@,safety}
20  21.15468051 -157.09254097 150.2000 0 2 {@L}C{@R}05-23{@@,safety}
20  21.15161350 -157.09669033 240.0000 0 3 {@R}35-17
20  21.15136419 -157.09850177 60.0000 0 3 {@R}17-35
20  21.15052644 -157.09792379 360.0000 0 3 {@R}05-23
14  21.15488422 -157.09577852   6.56 0 Tower Viewpoint 
1300  21.15019304 -157.10127905 150.28 misc jets|turboprops|props|helos Hold Short Rwy 05
1301 C none 
1300  21.15622170 -157.09011252 150.28 misc jets|turboprops|props|helos Hold Short Rwy 23
1301 C none 
1300  21.15537781 -157.09285717  89.95 gate jets|turboprops|props Terminal
1301 C none 
1300  21.15474076 -157.09411339  58.32 tie_down props GA Parking
1301 B none 
18  21.15552735 -157.09346657 1 BCN
19  21.14932729 -157.09805373 1 WS
19  21.14934816 -157.10036236 1 WS
19  21.15693499 -157.09712991 1 WS
19  21.15418626 -157.09131611 1 WS
1050 128200 ATIS
1051 125700 CTAF
1053 121900 GND
1054 125700 TWR
99
