I
1130 Generated by WorldEditor 2.0.0r4

1     38 1 0 PHTO Hilo Intl
1302 city Hilo
1302 country United States
1302 datum_lat 19.720263889
1302 datum_lon -155.048469444
1302 faa_code ITO
1302 iata_code ITO
1302 icao_code PHTO
1302 region_code PH
1302 state Hawaii
1302 transition_alt 18000
1302 transition_level 18000
100 46.02 1 1 0.25 0 3 0 08  19.72138000 -155.05785950    0   61 3 11 0 0 26  19.72135900 -155.02930200    0   60 3 8 0 0
100 46.02 1 0 0.25 0 2 0 03  19.71246425 -155.06252600  117    0 2 0 0 1 21  19.72418375 -155.05186627    0   61 2 0 0 0
110 1 0.25 130.0000 lib/airport/pavement/asphalt_5D.pol
111  19.71689612 -155.05537107
111  19.71699649 -155.05548569
111  19.71687353 -155.05559765
113  19.71677065 -155.05547236
110 2 0.25 0.0000 lib/airport/pavement/concrete_4D.pol
111  19.71797578 -155.05367745
111  19.71710638 -155.05367304
111  19.71708968 -155.05121791
111  19.71797128 -155.05121636
111  19.71797546 -155.05135983
113  19.71797546 -155.05352508
110 1 0.25 0.0000 lib/airport/pavement/asphalt_1D.pol
111  19.71989570 -155.04506466
111  19.71989591 -155.04530631
112  19.71977679 -155.04522568  19.71969953 -155.04521822
111  19.71977679 -155.04522568
111  19.71785349 -155.04521673
112  19.71775936 -155.04530073  19.71775370 -155.04538084
111  19.71775936 -155.04530073
111  19.71776438 -155.05013359
112  19.71776438 -155.05013359  19.71776894 -155.05045104
111  19.71793501 -155.05065605
111  19.71825620 -155.05110919
111  19.71854393 -155.05122412
111  19.71836106 -155.05122164
111  19.71820351 -155.05115184
111  19.71789737 -155.05072535
112  19.71778187 -155.05056957  19.71771813 -155.05051239
111  19.71778187 -155.05056957
112  19.71778187 -155.05056957  19.71767847 -155.05047026
111  19.71762887 -155.05052113
111  19.71763442 -155.05083047
111  19.71746063 -155.05083068
111  19.71745573 -155.05070403
111  19.71742311 -155.05070403
111  19.71741809 -155.05052543
112  19.71726110 -155.05031705  19.71725402 -155.05009587
111  19.71726110 -155.05031705
111  19.71726325 -155.04980781
112  19.71726325 -155.04980781  19.71725901 -155.04970249
111  19.71719387 -155.04972078
111  19.71592800 -155.04970460
111  19.71593204 -155.04964450
111  19.71760030 -155.04965560
112  19.71769691 -155.04951192  19.71770728 -155.04937974
111  19.71769691 -155.04951192
111  19.71769139 -155.04730587
112  19.71761134 -155.04719445  19.71752253 -155.04716796
111  19.71761134 -155.04719445
111  19.71729971 -155.04718913
112  19.71729971 -155.04718913  19.71723116 -155.04719079
111  19.71722085 -155.04725079
111  19.71750392 -155.04724746
111  19.71749977 -155.04745070
111  19.71745830 -155.04745291
111  19.71746244 -155.04795298
111  19.71751664 -155.04794512
111  19.71751429 -155.04812481
111  19.71721981 -155.04813142
112  19.71727165 -155.04820632  19.71732380 -155.04820858
111  19.71727165 -155.04820632
111  19.71729654 -155.04820632
111  19.71729834 -155.04814446
111  19.71761798 -155.04814463
111  19.71761591 -155.04832528
111  19.71729924 -155.04832403
111  19.71729930 -155.04827635
111  19.71726744 -155.04827535
112  19.71723815 -155.04830632  19.71723415 -155.04834030
111  19.71723815 -155.04830632
111  19.71723847 -155.04834951
112  19.71727978 -155.04840676  19.71732375 -155.04841016
111  19.71733594 -155.04836933
111  19.71742604 -155.04836748
111  19.71742509 -155.04851869
111  19.71736610 -155.04851879
111  19.71736498 -155.04847287
111  19.71724055 -155.04847287
112  19.71719857 -155.04852697  19.71719617 -155.04858812
111  19.71719857 -155.04852697
111  19.71720020 -155.04869452
112  19.71720020 -155.04869452  19.71720020 -155.04876162
111  19.71725829 -155.04876029
111  19.71744730 -155.04876061
111  19.71744793 -155.04903903
111  19.71725921 -155.04903683
111  19.71725969 -155.04889043
111  19.71720479 -155.04889040
111  19.71720529 -155.04901921
111  19.71714128 -155.04901955
111  19.71714100 -155.04854337
112  19.71708676 -155.04846916  19.71703639 -155.04846151
111  19.71708676 -155.04846916
111  19.71578126 -155.04848303
111  19.71578218 -155.04840389
111  19.71710445 -155.04840512
112  19.71717670 -155.04830527  19.71717830 -155.04821355
111  19.71717670 -155.04830527
111  19.71717566 -155.04813164
111  19.71698300 -155.04812452
111  19.71698300 -155.04750666
111  19.71668397 -155.04750874
111  19.71667446 -155.04730363
111  19.71712874 -155.04731496
112  19.71712539 -155.04718769  19.71703035 -155.04711486
111  19.71712539 -155.04718769
111  19.71590817 -155.04717305
111  19.71590263 -155.04711640
111  19.71760544 -155.04711822
112  19.71769061 -155.04702808  19.71768750 -155.04693705
111  19.71769061 -155.04702808
111  19.71768438 -155.04507499
112  19.71752268 -155.04473330  19.71737940 -155.04460312
111  19.71715607 -155.04457507
111  19.71613325 -155.04457173
112  19.71613444 -155.04467004  19.71621814 -155.04472563
111  19.71613444 -155.04467004
111  19.71623942 -155.04467151
111  19.71623686 -155.04517935
111  19.71578206 -155.04517508
111  19.71577926 -155.04507780
111  19.71559116 -155.04507385
111  19.71559988 -155.04463229
112  19.71593318 -155.04447566  19.71620569 -155.04449386
111  19.71593318 -155.04447566
112  19.71593318 -155.04447566  19.71600345 -155.04447384
111  19.71601213 -155.04439503
111  19.71602197 -155.04355918
111  19.71599596 -155.04356109
111  19.71599528 -155.04346093
111  19.71658610 -155.04345228
111  19.71658162 -155.04168400
111  19.71670165 -155.04168872
111  19.71670165 -155.04173122
111  19.71677722 -155.04171706
111  19.71676388 -155.04358231
111  19.71609263 -155.04356814
111  19.71608374 -155.04428591
112  19.71608374 -155.04428591  19.71609017 -155.04448835
111  19.71621265 -155.04448896
111  19.71731513 -155.04451770
111  19.71747482 -155.04444720
111  19.71747274 -155.04437010
111  19.71807830 -155.04437230
111  19.71811562 -155.04448465
112  19.71811562 -155.04448465  19.71816464 -155.04462084
111  19.71825664 -155.04461463
111  19.71978546 -155.04462786
112  19.71978546 -155.04462786  19.71985144 -155.04462673
111  19.71989520 -155.04449695
111  19.71989549 -155.04483293
112  19.71978821 -155.04469621  19.71971719 -155.04468490
111  19.71978821 -155.04469621
112  19.71978821 -155.04469621  19.71976082 -155.04469621
111  19.71885017 -155.04468514
112  19.71885017 -155.04468514  19.71877164 -155.04468762
111  19.71877344 -155.04474021
111  19.71877136 -155.04506545
112  19.71884809 -155.04515798  19.71891131 -155.04515549
111  19.71884809 -155.04515798
111  19.71977392 -155.04516498
114  19.71977392 -155.04516498  19.71985352 -155.04516498
111  19.71858779 -155.04481013
112  19.71849164 -155.04467995  19.71841246 -155.04467594
111  19.71849164 -155.04467995
111  19.71826352 -155.04468596
112  19.71826352 -155.04468596  19.71814098 -155.04468796
111  19.71813344 -155.04484017
111  19.71813344 -155.04498636
112  19.71813344 -155.04498636  19.71813532 -155.04513857
111  19.71827106 -155.04515058
111  19.71852369 -155.04515058
113  19.71859156 -155.04503443
111  19.71754085 -155.04452374
111  19.71745979 -155.04449771
111  19.71735987 -155.04454978
112  19.71735987 -155.04454978  19.71761815 -155.04463789
111  19.71774069 -155.04488623
113  19.71774258 -155.04451373
111  19.71580994 -155.04460167
112  19.71580994 -155.04460167  19.71572253 -155.04459257
111  19.71571937 -155.04471281
111  19.71571910 -155.04480558
111  19.71580308 -155.04480558
111  19.71580480 -155.04466539
111  19.71600703 -155.04466721
112  19.71600189 -155.04459803  19.71595304 -155.04458161
113  19.71600189 -155.04459803
111  19.71768744 -155.05008353
111  19.71768790 -155.04984340
112  19.71757753 -155.04971783  19.71747697 -155.04970730
111  19.71757753 -155.04971783
111  19.71745822 -155.04972025
112  19.71745822 -155.04972025  19.71734348 -155.04971424
111  19.71735564 -155.04981036
111  19.71735978 -155.05030602
112  19.71735978 -155.05030602  19.71736120 -155.05038577
111  19.71743444 -155.05039194
111  19.71764389 -155.05038753
114  19.71771233 -155.05029281  19.71770100 -155.05024917
110 1 0.25 0.0000 lib/airport/pavement/asphalt_5D.pol
111  19.71667560 -155.03942729
111  19.71658008 -155.03942100
111  19.71658248 -155.03780972
111  19.71661420 -155.03711173
112  19.71682337 -155.03688210  19.71700505 -155.03687118
111  19.71682337 -155.03688210
111  19.71752786 -155.03684210
111  19.71913457 -155.03685480
111  19.71957656 -155.03687409
112  19.71996550 -155.03725527  19.72003563 -155.03764308
111  19.71996550 -155.03725527
111  19.72002403 -155.03797503
111  19.72002549 -155.03935996
111  19.71988573 -155.03935568
111  19.71987483 -155.03730404
112  19.71956573 -155.03697647  19.71930105 -155.03696399
111  19.71956573 -155.03697647
111  19.71751382 -155.03695072
111  19.71685104 -155.03698819
112  19.71685104 -155.03698819  19.71672421 -155.03699729
111  19.71671510 -155.03714820
113  19.71667837 -155.03817850
110 1 0.25 0.0000 lib/airport/pavement/asphalt_5D.pol
111  19.72105497 -155.02915989
111  19.72105476 -155.02930275
111  19.72087112 -155.02930132
111  19.72069277 -155.02897748
111  19.72021527 -155.02897136
111  19.72001452 -155.02897402
111  19.72002127 -155.03536599
111  19.71996603 -155.03618273
112  19.71996603 -155.03618273  19.71995543 -155.03629117
112  19.71956036 -155.03654565  19.71931696 -155.03653943
111  19.71956036 -155.03654565
111  19.71912701 -155.03656605
111  19.71656993 -155.03654832
111  19.71574621 -155.03654646
111  19.71574717 -155.03643596
111  19.71912034 -155.03646007
111  19.71955833 -155.03644470
112  19.71987972 -155.03609764  19.71989845 -155.03577681
111  19.71987972 -155.03609764
111  19.71988765 -155.03272786
112  19.71979386 -155.03263769  19.71970196 -155.03263255
111  19.71979386 -155.03263769
111  19.71843646 -155.03263420
111  19.71844014 -155.03255224
111  19.71980237 -155.03256804
112  19.71988223 -155.03251464  19.71988513 -155.03247148
111  19.71988223 -155.03251464
111  19.71986560 -155.02883256
111  19.72078040 -155.02882475
113  19.72095906 -155.02916058
110 1 0.25 0.0000 lib/airport/pavement/asphalt_5D.pol
111  19.72106237 -155.03950791
111  19.72106185 -155.03977399
112  19.72069284 -155.04002036  19.72045392 -155.04002955
111  19.72069284 -155.04002036
111  19.72050205 -155.04003137
112  19.72022751 -155.03974527  19.72018488 -155.03944682
111  19.72022751 -155.03974527
111  19.72021660 -155.03014167
112  19.72021660 -155.03014167  19.72023720 -155.02982021
112  19.72066996 -155.02964278  19.72093334 -155.02963998
111  19.72105388 -155.02984497
111  19.72105570 -155.03013683
112  19.72066551 -155.02979866  19.72039897 -155.02979182
111  19.72034831 -155.03016318
111  19.72036300 -155.03971742
112  19.72036300 -155.03971742  19.72036700 -155.03984585
111  19.72050628 -155.03988133
111  19.72064957 -155.03988523
114  19.72088401 -155.03977869  19.72096244 -155.03969288
110 1 0.25 0.0000 lib/airport/pavement/asphalt_5D.pol
111  19.71989910 -155.04183181
111  19.72002810 -155.04183174
111  19.72003691 -155.05017286
111  19.71990022 -155.05017040
111  19.71989591 -155.04530631
111  19.71989570 -155.04506466
111  19.71989549 -155.04483293
113  19.71989520 -155.04449695
110 1 0.25 0.0000 lib/airport/pavement/asphalt_5D.pol
111  19.72106813 -155.04875756
111  19.72107014 -155.04900138
112  19.72090162 -155.04907046  19.72082553 -155.04906798
111  19.72090162 -155.04907046
111  19.72051590 -155.04907046
112  19.72023782 -155.04881455  19.72019770 -155.04855824
111  19.72023782 -155.04881455
111  19.72022916 -155.04119684
112  19.72068869 -155.04070769  19.72110553 -155.04070108
111  19.72068869 -155.04070769
112  19.72068869 -155.04070769  19.72098925 -155.04072230
111  19.72106341 -155.04088774
111  19.72106261 -155.04120385
112  19.72069123 -155.04083332  19.72042558 -155.04082786
111  19.72037004 -155.04120918
111  19.72037222 -155.04874828
112  19.72037222 -155.04874828  19.72037807 -155.04889750
111  19.72050053 -155.04892581
111  19.72092460 -155.04892581
114  19.72092460 -155.04892581  19.72102176 -155.04892083
110 1 0.25 0.0000 lib/airport/pavement/asphalt_5D.pol
111  19.72107171 -155.05274435
111  19.72107895 -155.05299689
111  19.72068659 -155.05335796
112  19.72043109 -155.05338946  19.72027170 -155.05333710
111  19.72024275 -155.05316079
111  19.72023867 -155.04957062
112  19.72023867 -155.04957062  19.72024763 -155.04928598
111  19.72052004 -155.04928636
111  19.72092029 -155.04929737
112  19.72092029 -155.04929737  19.72100141 -155.04930011
111  19.72107023 -155.04935915
111  19.72106966 -155.04957143
112  19.72091331 -155.04943600  19.72081030 -155.04941411
111  19.72091331 -155.04943600
111  19.72052097 -155.04943350
112  19.72052097 -155.04943350  19.72036845 -155.04944622
111  19.72037367 -155.04960462
111  19.72038836 -155.05311746
112  19.72062265 -155.05321786  19.72081580 -155.05308604
111  19.72062265 -155.05321786
113  19.72098269 -155.05289358
110 1 0.25 0.0000 lib/airport/pavement/asphalt_5D.pol
111  19.72044872 -155.05497497
112  19.72024465 -155.05482812  19.72023645 -155.05463413
111  19.72024465 -155.05482812
111  19.72024386 -155.05413451
112  19.72024386 -155.05413451  19.72025237 -155.05402033
111  19.72035125 -155.05393713
111  19.72073190 -155.05359302
112  19.72073190 -155.05359302  19.72093407 -155.05347693
111  19.72107332 -155.05359867
113  19.72107503 -155.05441441
111  19.72104034 -155.05385867
112  19.72081034 -155.05372249  19.72061050 -155.05381461
111  19.72081034 -155.05372249
111  19.72044082 -155.05403892
112  19.72044082 -155.05403892  19.72038238 -155.05410301
111  19.72038238 -155.05422117
111  19.72038615 -155.05483200
111  19.72098944 -155.05427524
113  19.72103846 -155.05413906
110 1 0.25 0.0000 lib/airport/pavement/asphalt_5D.pol
111  19.71990283 -155.05472492
111  19.71996048 -155.05472988
111  19.71995893 -155.05477623
111  19.72000255 -155.05477623
111  19.72000567 -155.05484740
111  19.72004184 -155.05484482
111  19.72004225 -155.05523933
112  19.72004225 -155.05523933  19.72004032 -155.05531744
111  19.71997382 -155.05540676
113  19.71989552 -155.05548425
110 1 0.25 0.0000 lib/airport/pavement/asphalt_5D.pol
111  19.72107727 -155.05559836
111  19.72101783 -155.05564668
111  19.72044505 -155.05616176
112  19.72044505 -155.05616176  19.72039792 -155.05618780
112  19.72024710 -155.05602064  19.72025388 -155.05585272
111  19.72024710 -155.05602064
111  19.72024546 -155.05582715
112  19.72024546 -155.05582715  19.72024898 -155.05576829
111  19.72030049 -155.05568117
113  19.72107500 -155.05497582
111  19.72045835 -155.05572246
112  19.72045835 -155.05572246  19.72037951 -155.05579346
111  19.72038307 -155.05590372
111  19.72038307 -155.05601568
111  19.72095519 -155.05552254
112  19.72099534 -155.05522398  19.72088908 -155.05508743
113  19.72099534 -155.05522398
110 1 0.25 0.0000 lib/airport/pavement/asphalt_5D.pol
111  19.71989435 -155.05667029
111  19.71989203 -155.05620004
112  19.71999796 -155.05628623  19.72004212 -155.05635188
111  19.71999796 -155.05628623
112  19.71999796 -155.05628623  19.72003666 -155.05633042
112  19.71999459 -155.05657703  19.71992203 -155.05669522
113  19.71999459 -155.05657703
110 1 0.25 0.0000 lib/airport/pavement/asphalt_5D.pol
111  19.72106964 -155.05696960
111  19.72107292 -155.05731326
112  19.72107292 -155.05731326  19.72099432 -155.05741984
112  19.72093337 -155.05743115  19.72091420 -155.05744378
111  19.72093337 -155.05743115
112  19.72093337 -155.05743115  19.72083887 -155.05747045
112  19.72065013 -155.05748519  19.72052540 -155.05746991
111  19.72065013 -155.05748519
112  19.72065013 -155.05748519  19.72044308 -155.05745122
111  19.72036170 -155.05731585
112  19.72024574 -155.05697409  19.72024893 -155.05675817
111  19.72024574 -155.05697409
111  19.72024702 -155.05693239
111  19.72024683 -155.05676623
112  19.72024683 -155.05676623  19.72025082 -155.05664827
111  19.72032234 -155.05656139
111  19.72065792 -155.05625554
112  19.72065792 -155.05625554  19.72077977 -155.05612822
112  19.72107209 -155.05620479  19.72119463 -155.05631263
111  19.72107209 -155.05620479
111  19.72107107 -155.05643918
112  19.72080872 -155.05631191  19.72062723 -155.05641978
111  19.72080872 -155.05631191
111  19.72048068 -155.05662153
112  19.72038321 -155.05679777  19.72038561 -155.05690309
111  19.72038321 -155.05679777
111  19.72038316 -155.05698711
114  19.72071709 -155.05733530  19.72102145 -155.05733417
110 1 0.25 130.0000 lib/airport/pavement/asphalt_5D.pol
111  19.71636916 -155.05524579
111  19.71644193 -155.05524846
111  19.71645197 -155.05516049
111  19.71656598 -155.05518052
111  19.71655736 -155.05526445
111  19.71670792 -155.05529377
111  19.71665271 -155.05565096
111  19.71631898 -155.05560031
111  19.71625875 -155.05553101
111  19.71629890 -155.05530443
111  19.71619100 -155.05517915
113  19.71626622 -155.05511115
110 1 0.25 130.0000 lib/airport/pavement/asphalt_5D.pol
111  19.71601535 -155.05545637
111  19.71620104 -155.05565895
111  19.71571925 -155.05608811
113  19.71554360 -155.05585887
110 1 0.25 130.0000 lib/airport/pavement/asphalt_5D.pol
111  19.71648977 -155.05587187
111  19.71690058 -155.05639695
111  19.71670686 -155.05658499
113  19.71628604 -155.05606700
110 1 0.25 130.0000 lib/airport/pavement/asphalt_5D.pol
111  19.71589193 -155.05640788
111  19.71631944 -155.05693651
111  19.71612238 -155.05712810
113  19.71568486 -155.05659947
110 1 0.25 130.0000 lib/airport/pavement/asphalt_5D.pol
111  19.71732474 -155.05546032
111  19.71746836 -155.05563771
111  19.71718447 -155.05591799
113  19.71703751 -155.05571576
110 1 0.25 40.0000 lib/airport/pavement/asphalt_1D.pol
111  19.71857596 -155.05589471
111  19.71820417 -155.05625102
111  19.71836986 -155.05647855
111  19.71653472 -155.05813342
111  19.71638165 -155.05827737
111  19.71498433 -155.05954373
111  19.71450407 -155.05898548
111  19.71475619 -155.05875779
111  19.71470374 -155.05869915
111  19.71414872 -155.05788875
111  19.71436678 -155.05768350
111  19.71397758 -155.05723117
111  19.71440542 -155.05685000
111  19.71468696 -155.05717546
111  19.71523073 -155.05665062
111  19.71468972 -155.05594924
111  19.71508000 -155.05553433
111  19.71499650 -155.05544209
111  19.71569818 -155.05481057
111  19.71583178 -155.05497377
111  19.71616910 -155.05468285
111  19.71690207 -155.05517356
111  19.71686399 -155.05524229
111  19.71675822 -155.05516518
111  19.71672919 -155.05522026
111  19.71699464 -155.05538548
111  19.71738608 -155.05499556
111  19.71793688 -155.05570105
111  19.71799700 -155.05570815
111  19.71817401 -155.05553785
112  19.71840112 -155.05484247  19.71838868 -155.05447458
111  19.71840112 -155.05484247
111  19.71840199 -155.05394630
112  19.71842688 -155.05384937  19.71845096 -155.05380724
111  19.71842688 -155.05384937
111  19.71856656 -155.05367700
111  19.71865140 -155.05367693
111  19.71849324 -155.05385598
112  19.71845996 -155.05395753  19.71845429 -155.05401471
111  19.71845996 -155.05395753
111  19.71845591 -155.05483850
112  19.71845591 -155.05483850  19.71846213 -155.05526808
113  19.71824902 -155.05556999
111  19.71703751 -155.05571576
111  19.71718447 -155.05591799
111  19.71746836 -155.05563771
113  19.71732474 -155.05546032
111  19.71628604 -155.05606700
111  19.71670686 -155.05658499
111  19.71690058 -155.05639695
113  19.71648977 -155.05587187
111  19.71589193 -155.05640788
111  19.71568486 -155.05659947
111  19.71612238 -155.05712810
113  19.71631944 -155.05693651
111  19.71687353 -155.05559765
111  19.71699649 -155.05548569
111  19.71689612 -155.05537107
113  19.71677065 -155.05547236
111  19.71655736 -155.05526445
111  19.71656598 -155.05518052
111  19.71645197 -155.05516049
111  19.71644193 -155.05524846
111  19.71636916 -155.05524579
111  19.71626622 -155.05511115
111  19.71619100 -155.05517915
111  19.71629890 -155.05530443
111  19.71625875 -155.05553101
111  19.71631898 -155.05560031
111  19.71665271 -155.05565096
113  19.71670792 -155.05529377
111  19.71554360 -155.05585887
111  19.71571925 -155.05608811
111  19.71620104 -155.05565895
113  19.71601535 -155.05545637
110 1 0.25 0.0000 lib/airport/pavement/asphalt_5D.pol
111  19.72106788 -155.05783533
111  19.72084901 -155.05822012
111  19.72062545 -155.05824920
111  19.72057298 -155.05835340
111  19.72033346 -155.05836067
111  19.72023765 -155.05847457
111  19.72024631 -155.06097431
111  19.72005593 -155.06098140
111  19.72005060 -155.05915207
111  19.72005025 -155.05903320
111  19.72004870 -155.05849986
111  19.72011678 -155.05850092
111  19.72011603 -155.05823521
111  19.71999733 -155.05824107
111  19.72000286 -155.05818243
111  19.72003691 -155.05814755
111  19.72064941 -155.05815011
111  19.72071897 -155.05814906
113  19.72089203 -155.05783472
110 1 0.25 130.0000 lib/airport/pavement/asphalt_4D.pol
111  19.71540862 -155.06143269
111  19.71503534 -155.06178684
111  19.71522764 -155.06204919
111  19.71532002 -155.06196107
111  19.71547586 -155.06215089
111  19.71538412 -155.06223343
111  19.71554625 -155.06242569
111  19.71544511 -155.06253068
111  19.71529068 -155.06235284
111  19.71500495 -155.06261810
111  19.71521772 -155.06287854
111  19.71460369 -155.06344940
111  19.71468051 -155.06354164
111  19.71466047 -155.06355583
111  19.71424967 -155.06341037
111  19.71427621 -155.06336416
112  19.71426970 -155.06326136  19.71424400 -155.06319036
111  19.71427304 -155.06313364
111  19.71434969 -155.06293669
112  19.71434214 -155.06271804  19.71427236 -155.06262639
111  19.71434214 -155.06271804
111  19.71421949 -155.06256164
112  19.71417158 -155.06255373  19.71415355 -155.06256604
111  19.71417158 -155.06255373
111  19.71352576 -155.06313863
112  19.71352576 -155.06313863  19.71337151 -155.06331159
111  19.71314211 -155.06330605
111  19.71298150 -155.06329504
112  19.71278026 -155.06335777  19.71270656 -155.06341967
111  19.71278026 -155.06335777
112  19.71278026 -155.06335777  19.71246833 -155.06347975
111  19.71232618 -155.06329063
111  19.71199230 -155.06288089
112  19.71184614 -155.06255140  19.71178444 -155.06234022
111  19.71184614 -155.06255140
111  19.71172270 -155.06205380
112  19.71175174 -155.06153612  19.71183572 -155.06127395
111  19.71210428 -155.06105918
111  19.71470374 -155.05869915
111  19.71475619 -155.05875779
111  19.71450407 -155.05898548
111  19.71214867 -155.06111261
112  19.71181387 -155.06156388  19.71173504 -155.06181512
111  19.71177794 -155.06204798
111  19.71190792 -155.06252694
112  19.71190792 -155.06252694  19.71196619 -155.06273448
111  19.71204129 -155.06285748
111  19.71235246 -155.06324469
112  19.71275255 -155.06331080  19.71298564 -155.06323070
111  19.71275255 -155.06331080
112  19.71275255 -155.06331080  19.71283482 -155.06324890
111  19.71297884 -155.06323451
111  19.71314374 -155.06324031
112  19.71350382 -155.06308414  19.71361351 -155.06294032
111  19.71350382 -155.06308414
111  19.71414182 -155.06249537
111  19.71411612 -155.06246485
112  19.71411612 -155.06246485  19.71401955 -155.06236226
111  19.71393345 -155.06237958
111  19.71415731 -155.06217724
111  19.71417388 -155.06233316
111  19.71422855 -155.06241126
111  19.71485185 -155.06184297
111  19.71471895 -155.06166958
111  19.71486500 -155.06153616
112  19.71486656 -155.06157968  19.71488201 -155.06160024
111  19.71486656 -155.06157968
111  19.71498118 -155.06172040
113  19.71536362 -155.06137580
111  19.71473098 -155.06283955
112  19.71473098 -155.06283955  19.71477461 -155.06278077
111  19.71469161 -155.06275357
112  19.71450931 -155.06273205  19.71448271 -155.06273770
111  19.71448906 -155.06278667
113  19.71461215 -155.06294225
111  19.71502596 -155.06214935
111  19.71506279 -155.06219464
111  19.71508729 -155.06217478
112  19.71508984 -155.06212287  19.71507001 -155.06209729
111  19.71508984 -155.06212287
111  19.71492398 -155.06191012
112  19.71488035 -155.06191523  19.71485627 -155.06193329
111  19.71488035 -155.06191523
111  19.71427729 -155.06246388
112  19.71427729 -155.06246388  19.71425746 -155.06248645
111  19.71428012 -155.06251825
111  19.71434927 -155.06260589
112  19.71434927 -155.06260589  19.71441785 -155.06268325
111  19.71453437 -155.06267507
111  19.71462178 -155.06260042
113  19.71458824 -155.06255079
110 1 0.25 40.0000 lib/airport/pavement/asphalt_5D.pol
111  19.71929420 -155.05886776
111  19.71929191 -155.05930805
111  19.71921762 -155.05936474
111  19.71917721 -155.05949614
111  19.71919555 -155.05957261
112  19.71919555 -155.05957261  19.71931068 -155.05963801
111  19.71935631 -155.05975650
111  19.71937985 -155.05975075
111  19.71940503 -155.05994346
111  19.71931889 -155.05994597
112  19.71919606 -155.05969842  19.71908972 -155.05962707
111  19.71919606 -155.05969842
111  19.71927741 -155.05995555
111  19.71891327 -155.05996478
111  19.71737855 -155.06135676
111  19.71704468 -155.06146942
111  19.71642253 -155.06199592
111  19.71610224 -155.06159058
111  19.71604832 -155.06163243
111  19.71596310 -155.06153147
111  19.71582435 -155.06165446
111  19.71555375 -155.06130073
111  19.71795508 -155.05911734
113  19.71839613 -155.05967276
111  19.71691898 -155.06132850
111  19.71699779 -155.06142763
111  19.71726323 -155.06117429
111  19.71709733 -155.06095179
111  19.71697497 -155.06106855
113  19.71707037 -155.06119852
110 1 0.25 0.0000 lib/airport/pavement/asphalt_1D.pol
111  19.71907377 -155.05816456
111  19.71952405 -155.05814541
111  19.72003691 -155.05814755
111  19.72000286 -155.05818243
111  19.71999733 -155.05824107
111  19.72011603 -155.05823521
111  19.72011678 -155.05850092
111  19.72004870 -155.05849986
111  19.72000010 -155.05849910
111  19.71999458 -155.05906794
111  19.72005025 -155.05903320
111  19.72005060 -155.05915207
111  19.71969421 -155.05915217
111  19.71969095 -155.05943153
111  19.71973511 -155.05943153
111  19.71973752 -155.05993436
111  19.71940503 -155.05994346
111  19.71937985 -155.05975075
111  19.71932105 -155.05930077
111  19.71929191 -155.05930805
111  19.71929420 -155.05886776
111  19.71929608 -155.05865347
111  19.71931091 -155.05863766
111  19.71928477 -155.05860540
111  19.71931305 -155.05858137
111  19.71929608 -155.05855934
111  19.71932007 -155.05853786
111  19.71929231 -155.05850727
113  19.71933329 -155.05847518
110 1 0.25 40.0000 lib/airport/pavement/asphalt_1D.pol
111  19.71839613 -155.05967276
111  19.71795508 -155.05911734
111  19.71555375 -155.06130073
111  19.71540862 -155.06143269
111  19.71536362 -155.06137580
111  19.71545011 -155.06129801
111  19.71899574 -155.05807117
111  19.71951506 -155.05759854
111  19.71952405 -155.05814541
111  19.71907377 -155.05816456
111  19.71933329 -155.05847518
111  19.71929231 -155.05850727
111  19.71932007 -155.05853786
111  19.71929608 -155.05855934
111  19.71931305 -155.05858137
111  19.71928477 -155.05860540
111  19.71931091 -155.05863766
111  19.71929608 -155.05865347
113  19.71929420 -155.05886776
110 2 0.25 0.0000 lib/airport/pavement/concrete_5D.pol
111  19.71839143 -155.05352508
111  19.71797546 -155.05352508
111  19.71797546 -155.05135983
113  19.71838536 -155.05136628
110 1 0.25 90.0000 A
111  19.72044505 -155.05616176
111  19.71999459 -155.05657703 53 102
112  19.71999796 -155.05628623  19.71990644 -155.05614944 53 102
111  19.71972867 -155.05620254
111  19.72030049 -155.05568117 53 102
112  19.72024546 -155.05582715  19.72023695 -155.05590741
111  19.72024546 -155.05582715 53 102
111  19.72024710 -155.05602064
114  19.72024710 -155.05602064  19.72025136 -155.05622525 53 102
110 1 0.25 90.0000 A
111  19.72044872 -155.05497497
111  19.71997382 -155.05540676 53 102
112  19.72004225 -155.05523933  19.72004806 -155.05516431
111  19.72004225 -155.05523933 53 102
111  19.72004184 -155.05484482 53 102
111  19.72004157 -155.05458741
111  19.72003711 -155.05036422 53 102
111  19.72003691 -155.05017286 53 102
111  19.72002810 -155.04183174
111  19.72002549 -155.03935996 53 102
111  19.72002403 -155.03797503
111  19.72002127 -155.03536599 53 102
111  19.72001453 -155.02897402 53 102
111  19.72021527 -155.02897136
111  19.72021660 -155.03014167 53 102
111  19.72022751 -155.03974527
111  19.72022916 -155.04119684 53 102
111  19.72023782 -155.04881455
111  19.72023867 -155.04957062 53 102
111  19.72024275 -155.05316079
111  19.72024386 -155.05413451 53 102
111  19.72024465 -155.05482812
114  19.72024465 -155.05482812  19.72025626 -155.05500592 53 102
110 1 0.25 0.0000 A
111  19.72118048 -155.05707675
111  19.72117708 -155.05783570 53 102
111  19.72106788 -155.05783533 53 102
111  19.72089203 -155.05783472 53 102
111  19.72071897 -155.05814906 53 102
111  19.72064941 -155.05815011
111  19.72065013 -155.05748519 53 102
114  19.72093337 -155.05743115  19.72111106 -155.05735318 53 102
110 1 0.25 90.0000 A
111  19.72024574 -155.05697409 53 102
112  19.72036170 -155.05731585  19.72049024 -155.05747425 53 102
111  19.72065013 -155.05748519
111  19.72064941 -155.05815011 53 102
111  19.72003691 -155.05814755
111  19.71952405 -155.05814541
111  19.71951506 -155.05759854
113  19.72024702 -155.05693239 53 102
110 1 0.25 0.0000 A
111  19.72021660 -155.03014167
111  19.72021527 -155.02897136 53 102
111  19.72069277 -155.02897748 53 102
111  19.72087112 -155.02930132 53 102
111  19.72105476 -155.02930275 53 102
111  19.72115316 -155.02930352
111  19.72115316 -155.03012083 53 102
114  19.72066996 -155.02964278  19.72024690 -155.02963838 53 102
110 1 0.25 35.0000 B
111  19.72117476 -155.05380385 53 102
112  19.72073190 -155.05359302  19.72034521 -155.05376756
111  19.72073190 -155.05359302 53 102
111  19.72035125 -155.05393713
112  19.72035125 -155.05393713  19.72025777 -155.05401989 53 102
111  19.72024386 -155.05413451
111  19.72024275 -155.05316079 53 102
112  19.72043109 -155.05338946  19.72056707 -155.05343310 53 102
111  19.72068659 -155.05335796 53 102
111  19.72107895 -155.05299689
112  19.72107895 -155.05299689  19.72114977 -155.05292617 53 102
113  19.72117476 -155.05278606
110 1 0.25 130.6000 C
111  19.71289720 -155.06303127 53 102
111  19.71283156 -155.06295053 53 102
111  19.71260466 -155.06267139
111  19.71287975 -155.06241896 53 102
112  19.71288560 -155.06257191  19.71292423 -155.06263284
111  19.71288560 -155.06257191 53 102
111  19.71298042 -155.06269626
112  19.71298042 -155.06269626  19.71306588 -155.06279698 53 102
113  19.71323455 -155.06272397
110 1 0.25 40.6000 C
111  19.72117648 -155.05543134
111  19.72117609 -155.05637084 53 102
112  19.72065792 -155.05625554  19.72028801 -155.05657264
111  19.72065792 -155.05625554 53 102
111  19.72032234 -155.05656139 53
111  19.72030154 -155.05658035 59
111  19.71531302 -155.06112687 53 102
111  19.71486500 -155.06153616
111  19.71471895 -155.06166958 53 102
111  19.71415731 -155.06217724
111  19.71393345 -155.06237958 53 102
111  19.71315653 -155.06308183
112  19.71315653 -155.06308183  19.71305369 -155.06317121 53 102
111  19.71293927 -155.06308395 53 102
111  19.71289720 -155.06303127
111  19.71323455 -155.06272397 53 102
111  19.71510524 -155.06103360
111  19.71527862 -155.06087525 53 102
111  19.71696982 -155.05933073
111  19.71742295 -155.05891690 53 102
111  19.71989435 -155.05667029 53 102
111  19.71999459 -155.05657703
111  19.72044505 -155.05616176 53 102
111  19.72101783 -155.05564669
114  19.72101783 -155.05564669  19.72114980 -155.05553854 53 102
110 1 0.25 130.6000 C
111  19.72423322 -155.05272486 53 102
112  19.72426562 -155.05243090  19.72417033 -155.05226948
111  19.72426562 -155.05243090 53 102
111  19.72417641 -155.05232075
112  19.72417641 -155.05232075  19.72413520 -155.05226192 53 102
111  19.72403561 -155.05228069
111  19.72430521 -155.05203435 53 102
113  19.72459272 -155.05239854
110 1 0.25 40.6000 C
111  19.72459272 -155.05239854 53 102
111  19.72463873 -155.05245778 53 102
112  19.72462254 -155.05265307  19.72453626 -155.05274882
111  19.72462254 -155.05265307 53 102
111  19.72168596 -155.05532227
112  19.72168596 -155.05532227  19.72161149 -155.05538397 53 102
111  19.72158421 -155.05547872
111  19.72157901 -155.05488440 53 102
112  19.72178074 -155.05494935  19.72193058 -155.05484614
111  19.72178074 -155.05494935 53 102
113  19.72423322 -155.05272486
110 1 0.25 0.0000 D
111  19.72116707 -155.04879068
111  19.72117122 -155.04957275 53 102
112  19.72092029 -155.04929737  19.72070641 -155.04928082
111  19.72092029 -155.04929737 53 102
111  19.72052004 -155.04928636
112  19.72052004 -155.04928636  19.72025800 -155.04930140 53 102
111  19.72023867 -155.04957062
111  19.72023782 -155.04881455 53 102
112  19.72051590 -155.04907046  19.72075386 -155.04908250
111  19.72051590 -155.04907046 53 102
111  19.72090162 -155.04907046
114  19.72090162 -155.04907046  19.72113675 -155.04904037 53 102
110 1 0.25 0.0000 E
111  19.71690865 -155.04082714
112  19.71690865 -155.04082714  19.71676348 -155.04082934
111  19.71673153 -155.04097982
111  19.71669029 -155.04169082
111  19.71658742 -155.04168692
111  19.71658008 -155.03942100
111  19.71667560 -155.03942729
111  19.71672318 -155.04005618
112  19.71690171 -155.04024259  19.71706761 -155.04024699
111  19.71690171 -155.04024259
111  19.71767422 -155.04028688
111  19.71900562 -155.04030152
111  19.71960778 -155.04028808
112  19.71987645 -155.03991654  19.71988147 -155.03959134
111  19.71987645 -155.03991654
111  19.71988573 -155.03935568
111  19.72002549 -155.03935996
111  19.72002810 -155.04183174
111  19.71989910 -155.04183181
111  19.71988483 -155.04121576
112  19.71988483 -155.04121576  19.71985723 -155.04087723
111  19.71961314 -155.04082714
111  19.71901429 -155.04079365
113  19.71767877 -155.04078683
110 1 0.25 0.0000 E
111  19.72116152 -155.04115931 53 102
112  19.72068869 -155.04070769  19.72027185 -155.04071430 53 102
111  19.72022916 -155.04119684
111  19.72022751 -155.03974527 53 102
112  19.72050205 -155.04003137  19.72074054 -155.04004459
111  19.72050205 -155.04003137 53 102
111  19.72069284 -155.04002036
112  19.72069284 -155.04002036  19.72105990 -155.03998070 53 102
113  19.72116359 -155.03952688
110 1 0.25 0.0000 F
111  19.72002403 -155.03797503 53 102
111  19.71996550 -155.03725527 53 102
112  19.71957656 -155.03687409  19.71924060 -155.03683885
111  19.71957656 -155.03687409 53 102
111  19.71913457 -155.03685480 53 102
111  19.71752786 -155.03684210 53 102
111  19.71682337 -155.03688210
112  19.71682337 -155.03688210  19.71664804 -155.03690213 53 102
111  19.71661420 -155.03711173 53 102
111  19.71658248 -155.03780972
111  19.71656993 -155.03654832 53 102
111  19.71912701 -155.03656605 53 102
111  19.71956036 -155.03654565
112  19.71956036 -155.03654565  19.71989424 -155.03652802 53 102
111  19.71996603 -155.03618273 53 102
113  19.72002127 -155.03536599
110 1 0.25 130.6000 K
111  19.71510518 -155.06103310 53 102
112  19.71511085 -155.06096389  19.71509006 -155.06093416
111  19.71511085 -155.06096389 53 102
111  19.71506827 -155.06091041 53 102
111  19.71488564 -155.06068102
112  19.71488564 -155.06068102  19.71486103 -155.06065187 53 102
111  19.71482048 -155.06066748
111  19.71497727 -155.06052604 53 102
112  19.71498010 -155.06058295  19.71499769 -155.06061353
111  19.71498010 -155.06058295 53 102
111  19.71516833 -155.06081946 53 102
111  19.71521142 -155.06087361
112  19.71521142 -155.06087361  19.71523860 -155.06089994 53 102
113  19.71527862 -155.06087525
110 1 0.25 130.6000 L
111  19.71638428 -155.05867284
112  19.71638428 -155.05867284  19.71654196 -155.05842888 53 102
111  19.71638165 -155.05827737
111  19.71653472 -155.05813342 53 102
112  19.71691362 -155.05818940  19.71715699 -155.05806014
113  19.71691362 -155.05818940
110 1 0.25 1340.6000 L
111  19.71696982 -155.05933073 53 102
112  19.71698292 -155.05901665  19.71688119 -155.05888260 53 102
111  19.71671282 -155.05895033
111  19.71710063 -155.05858684 53 102
112  19.71712966 -155.05886882  19.71723911 -155.05901245 53 102
113  19.71742295 -155.05891690
110 1 0.25 90.0000 Apron
111  19.71658742 -155.04168692 53 102
111  19.71658747 -155.04345560 53
111  19.71599528 -155.04346093
111  19.71599596 -155.04356109
111  19.71518293 -155.04356754
111  19.71518293 -155.04351157
111  19.71513023 -155.04350624
111  19.71510765 -155.04353822
111  19.71510263 -155.04369815
111  19.71496655 -155.04369690
111  19.71496713 -155.04344085
111  19.71507754 -155.04344226
111  19.71517540 -155.04341294
111  19.71517398 -155.04232610
111  19.71513023 -155.04232466
111  19.71513010 -155.04222731
111  19.71458822 -155.04222604
112  19.71458822 -155.04222604  19.71452035 -155.04223004
111  19.71449287 -155.04228468
111  19.71450040 -155.04202079
112  19.71460830 -155.04215673  19.71469125 -155.04214672
111  19.71460830 -155.04215673
111  19.71489185 -155.04215673
112  19.71489185 -155.04215673  19.71501628 -155.04214872
111  19.71503737 -155.04198415
111  19.71503739 -155.04186619
112  19.71488432 -155.04173558  19.71474858 -155.04173758
111  19.71488432 -155.04173558
111  19.71488309 -155.04186352
111  19.71458195 -155.04186352
111  19.71458320 -155.04170093
112  19.71458320 -155.04170093  19.71452099 -155.04170493
111  19.71450792 -155.04173025
111  19.71449581 -155.03739218
111  19.71456062 -155.03739161
111  19.71457317 -155.03718370
111  19.71486425 -155.03718637
111  19.71486675 -155.03731431
112  19.71505495 -155.03715438  19.71505495 -155.03699136
111  19.71487930 -155.03694913
111  19.71376152 -155.03694482
111  19.71359583 -155.03689760
111  19.71503335 -155.03689901
111  19.71516361 -155.03678067
111  19.71516704 -155.03654155
111  19.71506249 -155.03654337
111  19.71505906 -155.03648693
111  19.71502307 -155.03648693
111  19.71502478 -155.03643959
111  19.71574717 -155.03643596
111  19.71574621 -155.03654646 53
111  19.71656993 -155.03654832
111  19.71658248 -155.03780972 53 102
113  19.71658008 -155.03942100
111  19.71529074 -155.04000128
111  19.71520269 -155.04000451
111  19.71522090 -155.04335200
111  19.71570671 -155.04336168
111  19.71570064 -155.03652280
113  19.71528467 -155.03652602
110 1 0.25 90.0000 Apron
111  19.71933487 -155.05372445
111  19.71899565 -155.05367667
111  19.71865140 -155.05367694
111  19.71856656 -155.05367700
111  19.71797578 -155.05367745
111  19.71797546 -155.05352508
111  19.71839143 -155.05352508
111  19.71838536 -155.05136628
111  19.71797546 -155.05135983
111  19.71797128 -155.05121636
111  19.71836107 -155.05122164
111  19.71854393 -155.05122412
111  19.71903816 -155.05123082
113  19.71933407 -155.05118529
110 1 0.25 0.0000 Apron
111  19.72004184 -155.05484482
111  19.72000567 -155.05484740
111  19.72000255 -155.05477623
111  19.71995893 -155.05477623
111  19.71996048 -155.05472988
111  19.71990283 -155.05472492
111  19.71990907 -155.05462396
111  19.71982649 -155.05385100
112  19.71976572 -155.05376162  19.71971679 -155.05373427
111  19.71976572 -155.05376162
111  19.71933487 -155.05372445
111  19.71933407 -155.05118529
111  19.71975298 -155.05114123
112  19.71981519 -155.05106413  19.71983178 -155.05100024
111  19.71981519 -155.05106413
111  19.71990437 -155.05030409
111  19.71990022 -155.05017040
111  19.72003691 -155.05017286
111  19.72003711 -155.05036422
113  19.72004157 -155.05458741
111  19.71982012 -155.05188883
112  19.71982012 -155.05188883  19.71980725 -155.05182416
111  19.71974005 -155.05181392
111  19.71964880 -155.05181392
112  19.71956377 -155.05189323  19.71954855 -155.05196287
111  19.71956377 -155.05189323
111  19.71950156 -155.05245499
111  19.71956792 -155.05301896
112  19.71956792 -155.05301896  19.71958665 -155.05308487
111  19.71966331 -155.05308946
111  19.71973888 -155.05309081
112  19.71982507 -155.05300794  19.71983795 -155.05293458
111  19.71982507 -155.05300794
113  19.71988521 -155.05243737
110 2 0.25 0.0000 Apron
111  19.71570671 -155.04336168
111  19.71522090 -155.04335200
111  19.71520269 -155.04000451
111  19.71529074 -155.04000128
111  19.71528467 -155.03652602
113  19.71570064 -155.03652280
110 1 0.25 40.6000 Pad
111  19.72032234 -155.05656139 53 102
112  19.72024683 -155.05676623  19.72024039 -155.05688661
111  19.72024683 -155.05676623 53 102
111  19.72024702 -155.05693239
111  19.71951506 -155.05759854
111  19.71899574 -155.05807117
111  19.71545011 -155.06129801
113  19.71531302 -155.06112687
110 1 0.25 35.0000 Pad
111  19.72167941 -155.05272462
111  19.72168217 -155.05211765
112  19.72203272 -155.05212058  19.72225630 -155.05197691
111  19.72203272 -155.05212058
113  19.72214589 -155.05229652
130 Boundary
111  19.71673379 -155.06181222
111  19.71477373 -155.06366562
111  19.71413708 -155.06337725
111  19.71382661 -155.06364469
111  19.71290750 -155.06334907
111  19.71215625 -155.06403541
111  19.71186949 -155.06320274
111  19.71159483 -155.06189066
111  19.71158461 -155.05994601
111  19.71257597 -155.05776422
111  19.71518645 -155.05408761
111  19.71519833 -155.04708353
111  19.71245015 -155.04306372
111  19.71241467 -155.03616538
111  19.71493867 -155.03605199
111  19.71800623 -155.03233991
111  19.71918048 -155.02071245
111  19.72291249 -155.02073079
111  19.72352853 -155.02642305
111  19.72352853 -155.03261247
111  19.72266679 -155.03392010
111  19.72262575 -155.04886041
111  19.72278297 -155.05029577
111  19.72343707 -155.05102841
111  19.72519319 -155.04949944
111  19.72645879 -155.04963885
111  19.72723015 -155.05076282
111  19.72644205 -155.05196533
111  19.72390136 -155.05378232
111  19.72261049 -155.05481908
111  19.72259660 -155.06216480
111  19.72180504 -155.06321090
113  19.71926084 -155.06321090
120 TH
111  19.71992203 -155.05830100 55
111  19.71941771 -155.05768721 55
115  19.71544796 -155.06129501
120 RH
111  19.72058629 -155.02929899 56
111  19.72026056 -155.02929863 56
115  19.72026022 -155.02890477
120 RH
111  19.72033741 -155.05607195 54
111  19.71997306 -155.05639743
111  19.71722674 -155.05893960 54
111  19.71702878 -155.05912785
111  19.71516833 -155.06081946 54
111  19.71506827 -155.06091041
111  19.71305565 -155.06274613 54
115  19.71283156 -155.06295053
120 RH
111  19.72452829 -155.05231837 54
111  19.72430292 -155.05252255
111  19.72214361 -155.05343244 54
111  19.72214185 -155.05400537
111  19.72215266 -155.05461425 54
115  19.72215310 -155.05489542
120 RH
111  19.71625216 -155.05811972 54
111  19.71640466 -155.05797649
111  19.71998494 -155.05491284 54
115  19.72032106 -155.05459982
120 TH
111  19.71498118 -155.06172040 55
111  19.71485185 -155.06184297
111  19.71422855 -155.06241126 55
115  19.71414182 -155.06249537
120 TH
111  19.71969029 -155.05368371 55
111  19.71969019 -155.05315940
111  19.71969080 -155.05174649 55
115  19.71969029 -155.05121502
120 RH
111  19.72062356 -155.05814946 54
111  19.72062355 -155.05739840
111  19.72061352 -155.05641147 54
111  19.72061290 -155.05593633
111  19.72061101 -155.05538851 54
111  19.72061014 -155.05483140
111  19.72061603 -155.05377775 54
111  19.72061603 -155.05331660
111  19.72060850 -155.04935581 54
111  19.72060850 -155.04900662
111  19.72060349 -155.04077924 54
111  19.72060512 -155.03996356
111  19.72058669 -155.02973051 54
111  19.72058629 -155.02929899 54
115  19.72058592 -155.02890383
120 TH
111  19.71968756 -155.04082771 55
111  19.71968646 -155.04028927
111  19.71968352 -155.03696835 55
115  19.71968193 -155.03643850
120 TH
111  19.71658616 -155.04161935 52
111  19.71658191 -155.03955312
111  19.71657570 -155.03773080 52
115  19.71656993 -155.03654832
120 TL
111  19.71616390 -155.05914669 51
111  19.71658077 -155.05876775 51
112  19.71654489 -155.05831839  19.71634968 -155.05804353
111  19.71654489 -155.05831839
112  19.71654489 -155.05831839  19.71679080 -155.05853201 51
111  19.71697434 -155.05841018 51
115  19.71739089 -155.05803124
120 TL
111  19.71617668 -155.05916190 51
111  19.71659249 -155.05878409 51
112  19.71693810 -155.05880490  19.71712067 -155.05895622
111  19.71693810 -155.05880490
112  19.71693810 -155.05880490  19.71681367 -155.05858554 51
111  19.71698667 -155.05842579 51
115  19.71740324 -155.05804707
120 TL
111  19.71416421 -155.06099311 51
111  19.71457940 -155.06061005 51
112  19.71492982 -155.06063343  19.71511240 -155.06078475
111  19.71492982 -155.06063343
112  19.71492982 -155.06063343  19.71480540 -155.06041407 51
111  19.71497684 -155.06025422 51
115  19.71539356 -155.05987521
120 TL
111  19.71840175 -155.05872268 51
115  19.71847436 -155.05881891
120 TL
111  19.71787447 -155.05865596 51
112  19.71840175 -155.05872268  19.71865541 -155.05898122
111  19.71840175 -155.05872268
112  19.71840175 -155.05872268  19.71821323 -155.05836766 51
115  19.71842961 -155.05815004
120 TL
111  19.71466065 -155.06158487 51
112  19.71478063 -155.06161023  19.71483873 -155.06165715
111  19.71478063 -155.06161023
112  19.71478063 -155.06161023  19.71474226 -155.06154414 51
115  19.71477425 -155.06148134
120 TL
111  19.71392090 -155.06225905 51
112  19.71404068 -155.06227244  19.71409879 -155.06231936
111  19.71404068 -155.06227244
112  19.71404068 -155.06227244  19.71400231 -155.06220635 51
115  19.71404165 -155.06214900
120 TL
111  19.71448341 -155.06341043 51
111  19.71433927 -155.06322482 51
112  19.71432760 -155.06308934  19.71436698 -155.06298760
111  19.71432760 -155.06308934 51
111  19.71438837 -155.06293707
112  19.71438837 -155.06293707  19.71442455 -155.06283194 51
115  19.71438621 -155.06272938
120 TL
111  19.71469508 -155.06321419 51
111  19.71451745 -155.06299075 51
111  19.71438621 -155.06272938 51
111  19.71435333 -155.06266391 51
115  19.71404068 -155.06227244
120 TL
111  19.71495107 -155.06304150 51
111  19.71479101 -155.06284590 51
111  19.71476551 -155.06277977 51
112  19.71470177 -155.06273011  19.71466308 -155.06272292
111  19.71470177 -155.06273011 51
111  19.71465002 -155.06272276 51
111  19.71443690 -155.06269250
112  19.71443690 -155.06269250  19.71438079 -155.06268530 51
115  19.71435333 -155.06266391
120 TL
111  19.71478063 -155.06161023 51
111  19.71515580 -155.06208085 51
112  19.71514024 -155.06235571  19.71501842 -155.06250618
111  19.71514024 -155.06235571 51
111  19.71480890 -155.06266963
112  19.71480890 -155.06266963  19.71475650 -155.06270123 51
115  19.71465002 -155.06272276
120 TL
111  19.72416778 -155.05215474 51
111  19.72439412 -155.05242831
111  19.72440154 -155.05244238
112  19.72440154 -155.05244238  19.72446859 -155.05262326 51 59
111  19.72434372 -155.05276021 51 59
111  19.72428225 -155.05281625 51
111  19.72245133 -155.05448549 51 59
111  19.72216318 -155.05474820
111  19.72214564 -155.05476419 51
111  19.72184458 -155.05503866 51
111  19.72154581 -155.05531105
111  19.72118653 -155.05563861 51
111  19.72069361 -155.05608800 51
111  19.72062027 -155.05615486
111  19.72060577 -155.05616808 51 59
111  19.72028711 -155.05645720 51
111  19.71923215 -155.05741864 51
111  19.71842961 -155.05815004 51
111  19.71787447 -155.05865596 51
111  19.71727499 -155.05920230 51
111  19.71640402 -155.05999605 51
111  19.71569095 -155.06064591 51
111  19.71525800 -155.06104048 51
111  19.71477425 -155.06148134 51
111  19.71466065 -155.06158487 51
111  19.71404165 -155.06214900 51
111  19.71392090 -155.06225905 51
111  19.71328518 -155.06283752 51 59
111  19.71324045 -155.06287752
112  19.71324045 -155.06287752  19.71308747 -155.06299037 51 59
111  19.71295706 -155.06285242
111  19.71294431 -155.06283519 51
115  19.71273554 -155.06257589
120 TB
111  19.71872218 -155.05863711 21
111  19.71882379 -155.05876929 21
111  19.71876573 -155.05895875 21
111  19.71882794 -155.05903585 21
111  19.71881757 -155.05919887 21
111  19.71876937 -155.05923966 21
111  19.71861227 -155.05922971 21
111  19.71855005 -155.05914820 21
111  19.71836548 -155.05917464 21
115  19.71826387 -155.05904246
120 TL
111  19.71569095 -155.06064591 51
112  19.71569380 -155.06088077  19.71578806 -155.06100275
111  19.71569380 -155.06088077 51
111  19.71586005 -155.06109378 51
111  19.71616855 -155.06117935 51
112  19.71617883 -155.06101367  19.71611542 -155.06092993
111  19.71617883 -155.06101367 51
115  19.71605372 -155.06085892
120 TL
111  19.71640402 -155.05999605 51
112  19.71633262 -155.06021286  19.71636004 -155.06033120
111  19.71633262 -155.06021286
112  19.71633262 -155.06021286  19.71653486 -155.06068076 51
115  19.71692900 -155.06046562
120 TL
111  19.72114785 -155.02963177 51
112  19.72060641 -155.02947466  19.72015613 -155.02951107
111  19.72060641 -155.02947466
111  19.72057267 -155.02947893 51 59
112  19.72023032 -155.02970297  19.72012281 -155.02985690 51
115  19.72011914 -155.03002900
120 TL
111  19.72012928 -155.04000563 51
112  19.72029931 -155.04035918  19.72043020 -155.04049145 51 59
111  19.72059982 -155.04051396
111  19.72060857 -155.04051847 51
111  19.72064349 -155.04052750 51
111  19.72060764 -155.04053613
111  19.72059956 -155.04054001 51 59
112  19.72031489 -155.04067646  19.72015632 -155.04080081 51
115  19.72013037 -155.04108077
120 TL
111  19.72013833 -155.04891321 51
112  19.72020694 -155.04907798  19.72026930 -155.04916207 51 59
111  19.72044180 -155.04918146 51 59
112  19.72021337 -155.04926106  19.72014701 -155.04933156 51
115  19.72013886 -155.04943574
120 TL
111  19.72096637 -155.04918142 51
111  19.72061769 -155.04918144
111  19.72059966 -155.04918144 51 59
115  19.72044180 -155.04918146
120 TL
111  19.72054769 -155.05361586 51 59
112  19.72022692 -155.05353851  19.72005128 -155.05340008
111  19.72022692 -155.05353851
112  19.72022692 -155.05353851  19.72017451 -155.05348886 51
115  19.72014287 -155.05337675
120 TL
111  19.72116030 -155.05305436 51
111  19.72069637 -155.05348131 51
111  19.72062109 -155.05354858
111  19.72061034 -155.05355843 51 59
111  19.72054769 -155.05361586 51 59
111  19.72026347 -155.05387637
112  19.72026347 -155.05387637  19.72015173 -155.05400976 51
115  19.72014367 -155.05416414
120 TL
111  19.72060416 -155.05765110 51 59
112  19.72026213 -155.05742648  19.72015587 -155.05726626 51
111  19.72014666 -155.05710878 51
111  19.72014624 -155.05669358 51 59
111  19.72014579 -155.05625383
111  19.72014577 -155.05623460 51
111  19.72014534 -155.05580750
111  19.72014479 -155.05527223 51
111  19.72014437 -155.05485529 51
111  19.72014429 -155.05477679
111  19.72014427 -155.05475723 51 59
111  19.72014383 -155.05431937 51
111  19.72014367 -155.05416414 51
111  19.72014334 -155.05384102 51
111  19.72014287 -155.05337675 51
111  19.72014255 -155.05305996 51
111  19.72014137 -155.05189857 51
111  19.72014055 -155.05109201 51
111  19.72013886 -155.04943574 51
111  19.72013833 -155.04891321 51
111  19.72013037 -155.04108077 51
111  19.72012928 -155.04000563 51
111  19.72012654 -155.03731055 51
111  19.72012537 -155.03615391 51
115  19.72011914 -155.03002900
120 TL
111  19.71727499 -155.05920230 51 59
111  19.71713416 -155.05903618
111  19.71712724 -155.05902801 51
115  19.71693810 -155.05880490
120 TL
111  19.72117308 -155.05763337 51
111  19.72108257 -155.05765214 51
111  19.72063206 -155.05765116
111  19.72060416 -155.05765110 51 59
112  19.72020007 -155.05760127  19.71990974 -155.05754719
111  19.72020007 -155.05760127 51
111  19.71938921 -155.05739176
112  19.71938921 -155.05739176  19.71930009 -155.05737719 51
115  19.71923215 -155.05741864
120 TL
111  19.71525800 -155.06104048 51 59
111  19.71511826 -155.06086715
111  19.71511531 -155.06086349 51
115  19.71492982 -155.06063343
120 TL
111  19.71654489 -155.05831839 51
111  19.71633070 -155.05805490
111  19.71632164 -155.05804376 51 59
111  19.71605906 -155.05772074 51
115  19.71593738 -155.05757105
120 TL
111  19.71847075 -155.05315784 51
115  19.71916103 -155.05315913
120 TL
111  19.71845419 -155.05244533 51
115  19.71914447 -155.05244662
120 TL
111  19.71847115 -155.05174438 51
115  19.71916144 -155.05174567
120 TL
111  19.71570958 -155.04311153 51
115  19.71639986 -155.04311282
120 TL
111  19.71573764 -155.03658474 51
111  19.71539546 -155.03658474
112  19.71539546 -155.03658474  19.71537704 -155.03663138 51
111  19.71539338 -155.03667506 51
111  19.71536010 -155.03670542 51
111  19.71535868 -155.03703634
112  19.71535868 -155.03703634  19.71536718 -155.03710555 51
111  19.71546182 -155.03712886 51
115  19.71569616 -155.03712666
120 TL
111  19.71638684 -155.03660757 51
111  19.71588207 -155.03660542
112  19.71588207 -155.03660542  19.71585366 -155.03664263 51
111  19.71587177 -155.03669648 51
111  19.71584344 -155.03672794
112  19.71584344 -155.03672794  19.71585864 -155.03680866 51
115  19.71593744 -155.03681548
120 TL
111  19.71568611 -155.03758519 51
115  19.71637639 -155.03758648
120 TL
111  19.71569854 -155.03829406 51
115  19.71638882 -155.03829536
120 TL
111  19.71570682 -155.03902416 51
115  19.71639710 -155.03902545
120 TL
111  19.71569854 -155.03969268 51
115  19.71638882 -155.03969398
120 TL
111  19.71964277 -155.05598302 51
111  19.72005949 -155.05560401 51
116  19.72014479 -155.05527223  19.72014948 -155.05502725
120 TL
111  19.71569578 -155.04034068 51
115  19.71638606 -155.04034197
120 TL
111  19.71569854 -155.04106785 51
115  19.71638882 -155.04106914
120 TL
111  19.71569854 -155.04173050 51
115  19.71638882 -155.04173180
120 TL
111  19.71571234 -155.04243714 51
115  19.71640262 -155.04243844
120 TL
111  19.71959251 -155.03671487 51
111  19.71688511 -155.03669033
112  19.71688511 -155.03669033  19.71648098 -155.03669033 51
111  19.71644424 -155.03711181 51
111  19.71644791 -155.04008564 51
112  19.71682614 -155.04053888  19.71722010 -155.04062951
111  19.71682614 -155.04053888
112  19.71682614 -155.04053888  19.71644222 -155.04060019 51
111  19.71645141 -155.04098826 51
115  19.71645211 -155.04204042
120 TL
111  19.71917871 -155.05643231 51
111  19.71959543 -155.05605330 51
112  19.71991038 -155.05601309  19.72010160 -155.05608080
111  19.71991038 -155.05601309
112  19.71991038 -155.05601309  19.72009310 -155.05608832 51
115  19.72014577 -155.05623460
120 TL
111  19.72104342 -155.05470890 51
111  19.72062670 -155.05508790 51
116  19.72014437 -155.05485529  19.72002340 -155.05439935
120 TL
111  19.72077086 -155.05498401 51
111  19.72035414 -155.05536302 51
116  19.72014534 -155.05580750  19.72013557 -155.05606038
120 TL
111  19.72138766 -155.05423209 51
111  19.72138804 -155.05481486 51
116  19.72184458 -155.05503866  19.72225321 -155.05483420
120 TL
111  19.72136811 -155.05467143 51
111  19.72136849 -155.05525420 51
116  19.72118653 -155.05563861  19.72101449 -155.05582628
120 TL
111  19.72138958 -155.05627536 51
111  19.72138920 -155.05569259 51
116  19.72154581 -155.05531105  19.72169389 -155.05514964
120 TL
111  19.72136789 -155.05444504 51
111  19.72136751 -155.05386228 51
112  19.72112926 -155.05346024  19.72089877 -155.05334534 51
115  19.72069637 -155.05348131
120 TL
111  19.72117603 -155.05615584 51
112  19.72097143 -155.05603128  19.72084138 -155.05600529 51
115  19.72069361 -155.05608800
120 TL
111  19.72136632 -155.05206965 51
111  19.72136670 -155.05265242 51
116  19.72116030 -155.05305436  19.72095307 -155.05324470
120 TL
111  19.72135774 -155.04160140 51
111  19.72135735 -155.04101864 51
112  19.72091182 -155.04052619  19.72048332 -155.04044116
111  19.72091182 -155.04052619
112  19.72091182 -155.04052619  19.72134044 -155.04045707 51
111  19.72135659 -155.04008351 51
115  19.72135620 -155.03950074
120 TL
111  19.72136396 -155.05021132 51
111  19.72136358 -155.04962855 51
112  19.72096637 -155.04918142  19.72060019 -155.04908812
111  19.72096637 -155.04918142
112  19.72096637 -155.04918142  19.72132129 -155.04911958 51
111  19.72136354 -155.04871034 51
115  19.72136315 -155.04812757
120 TL
111  19.72064349 -155.04052750 51
115  19.72091182 -155.04052619
120 TL
111  19.71682614 -155.04053888 51
115  19.71972877 -155.04055576
120 TL
111  19.71692089 -155.05599326 51
111  19.71744285 -155.05551383
112  19.71744285 -155.05551383  19.71752511 -155.05544647 51
111  19.71759340 -155.05552450 51
115  19.71779403 -155.05577981
120 TL
112  19.71621697 -155.05639418  19.71613623 -155.05634001 51
111  19.71609218 -155.05637762 51
111  19.71570570 -155.05673009
112  19.71570570 -155.05673009  19.71564904 -155.05678726 51
115  19.71569592 -155.05687572
120 TL
111  19.71696067 -155.05604247 51
112  19.71682614 -155.05602176  19.71676381 -155.05606690
111  19.71682614 -155.05602176 51
111  19.71638679 -155.05641899 51
112  19.71636220 -155.05657383  19.71640186 -155.05666110
111  19.71636220 -155.05657383
112  19.71636220 -155.05657383  19.71628147 -155.05651966 51
111  19.71623718 -155.05655708 51
111  19.71585069 -155.05690955
112  19.71585069 -155.05690955  19.71579403 -155.05696673 51
115  19.71584407 -155.05705993
120 TL
111  19.71710340 -155.05621900 51
112  19.71696778 -155.05619931  19.71690546 -155.05624445
111  19.71696778 -155.05619931 51
111  19.71652844 -155.05659654 51
112  19.71650681 -155.05675268  19.71654647 -155.05683995
111  19.71650681 -155.05675268
112  19.71650681 -155.05675268  19.71642607 -155.05669852 51
111  19.71637882 -155.05673463 51
111  19.71599233 -155.05708710
112  19.71599233 -155.05708710  19.71593567 -155.05714428 51
115  19.71598618 -155.05723664
120 TL
111  19.71621697 -155.05639418 51
112  19.71623563 -155.05624730  19.71630247 -155.05618176
111  19.71623563 -155.05624730 51
111  19.71666861 -155.05585561
112  19.71666861 -155.05585561  19.71676288 -155.05579370 51
111  19.71683293 -155.05588447 51
111  19.71692089 -155.05599326 51
111  19.71696067 -155.05604247 51
111  19.71710340 -155.05621900 51
115  19.71719100 -155.05632734
120 TL
111  19.71607474 -155.05734674 51
111  19.71598618 -155.05723664 51
111  19.71584407 -155.05705993 51
111  19.71569592 -155.05687572 51
111  19.71553022 -155.05666969 51
112  19.71553181 -155.05650371  19.71559865 -155.05643817
111  19.71553181 -155.05650371 51
111  19.71589156 -155.05617657
112  19.71589156 -155.05617657  19.71598582 -155.05611467 51
111  19.71604964 -155.05618723 51
111  19.71621697 -155.05639418 51
111  19.71636220 -155.05657383 51
111  19.71650681 -155.05675268 51
115  19.71659918 -155.05686694
120 TL
111  19.71533588 -155.05797053 51
112  19.71516764 -155.05793931  19.71509385 -155.05785485
111  19.71516764 -155.05793931 51
115  19.71472706 -155.05739336
120 TL
111  19.71593738 -155.05757105 51
112  19.71577950 -155.05756225  19.71569309 -155.05763297
111  19.71577950 -155.05756225 51
111  19.71533588 -155.05797053 51
111  19.71506750 -155.05821754 51
112  19.71487704 -155.05820288  19.71478964 -155.05811913
111  19.71487704 -155.05820288 51
115  19.71443265 -155.05765164
120 TL
111  19.72012654 -155.03731055 51
112  19.71959251 -155.03671487  19.71907046 -155.03663550
111  19.71959251 -155.03671487
112  19.71959251 -155.03671487  19.72007169 -155.03666005 51
115  19.72012537 -155.03615391
120 TL
111  19.72013037 -155.04108077 51
112  19.71972877 -155.04055576  19.71939606 -155.04043277
111  19.71972877 -155.04055576
112  19.71972877 -155.04055576  19.72005511 -155.04046943 51
115  19.72012928 -155.04000563
120 TL
111  19.72014137 -155.05189857 51
112  19.71974444 -155.05147637  19.71937025 -155.05141747
111  19.71974444 -155.05147637
112  19.71974444 -155.05147637  19.72011979 -155.05141808 51
115  19.72014055 -155.05109201
120 TL
111  19.72014334 -155.05384102 51
112  19.71977409 -155.05343196  19.71944104 -155.05337488
111  19.71977409 -155.05343196
112  19.71977409 -155.05343196  19.72009118 -155.05337003 51
115  19.72014255 -155.05305996
120 TL
111  19.71977409 -155.05343196 51
112  19.71941003 -155.05334119  19.71926859 -155.05323457 51
111  19.71924029 -155.05298365 51
111  19.71923801 -155.05195375 51
112  19.71942182 -155.05155415  19.71958378 -155.05145722 51
115  19.71974444 -155.05147637
120 TB
111  19.71693100 -155.06086298 21
111  19.71634553 -155.06080155 21
115  19.71624871 -155.06068234
120 TB
111  19.71754067 -155.05998500 21
111  19.71750982 -155.06033274 21
115  19.71693100 -155.06086298
120 TB
111  19.71838536 -155.05136628 53
111  19.71900892 -155.05137103 53 102
111  19.71976400 -155.05129106 53 102
112  19.71996018 -155.05107447  19.71999668 -155.05089272
111  19.71996018 -155.05107447 53 102
115  19.72003711 -155.05036422
120 TB
111  19.72002405 -155.05245803 53 102
111  19.71996018 -155.05188129
112  19.71996018 -155.05188129  19.71992368 -155.05169228 53 102
111  19.71975259 -155.05166804 53 102
111  19.71965906 -155.05166562 53 102
112  19.71942410 -155.05188614  19.71938532 -155.05209454
111  19.71942410 -155.05188614 53 102
111  19.71936479 -155.05244107 53 102
111  19.71942638 -155.05302266
112  19.71942638 -155.05302266  19.71945375 -155.05321652 53 102
111  19.71964765 -155.05324318 53 102
111  19.71972522 -155.05324075 53 102
112  19.71996018 -155.05302750  19.71999212 -155.05282637
113  19.71996018 -155.05302750 53 102
120 TB
111  19.71658008 -155.03942100 53 102
111  19.71663196 -155.04006822 53 102
112  19.71686272 -155.04035106  19.71709540 -155.04037529
111  19.71686272 -155.04035106 53 102
111  19.71764965 -155.04041391 53 102
111  19.71900461 -155.04041391 53 102
111  19.71962930 -155.04038860
112  19.71962930 -155.04038860  19.71991552 -155.04032487 53 102
111  19.71996717 -155.04002622 53 102
115  19.72002549 -155.03935996
120 TB
111  19.72002810 -155.04183174 53 102
111  19.71996628 -155.04107509 53 102
112  19.71960736 -155.04072118  19.71931765 -155.04067998
111  19.71960736 -155.04072118 53 102
111  19.71903009 -155.04070242 53 102
111  19.71763068 -155.04069177 53 102
111  19.71688254 -155.04072725 53 102
112  19.71662627 -155.04095337  19.71658749 -155.04119811
111  19.71662627 -155.04095337 53 102
115  19.71658742 -155.04168692
120 TB
111  19.72004157 -155.05458741 53 102
111  19.71996474 -155.05382737 53 102
112  19.71975031 -155.05361412  19.71955413 -155.05356081
111  19.71975031 -155.05361412 53 102
111  19.71901805 -155.05353415 53
115  19.71839528 -155.05352446
120 TB
112  19.71583071 -155.04235189  19.71583231 -155.04239633 21
112  19.71576472 -155.04242162  19.71572699 -155.04242215 21
112  19.71569359 -155.04234869  19.71569359 -155.04230437 21
114  19.71576162 -155.04227560  19.71579929 -155.04227422 21
120 TB
112  19.71582900 -155.04273422  19.71583060 -155.04277866 21
112  19.71576301 -155.04280395  19.71572528 -155.04280447 21
112  19.71569188 -155.04273102  19.71569188 -155.04268670 21
114  19.71575991 -155.04265793  19.71579758 -155.04265655 21
120 TB
111  19.72003691 -155.05814755 59
115  19.72003903 -155.05712220
120 TB
112  19.71583071 -155.04311473  19.71583231 -155.04315916 21
112  19.71576472 -155.04318445  19.71572699 -155.04318498 21
112  19.71569359 -155.04311153  19.71569359 -155.04306720 21
114  19.71576162 -155.04303843  19.71579929 -155.04303706 21
120 TB
112  19.71545729 -155.04348815  19.71545889 -155.04353259 21
112  19.71539130 -155.04355788  19.71535357 -155.04355840 21
112  19.71532016 -155.04348495  19.71532016 -155.04344063 21
114  19.71538819 -155.04341186  19.71542587 -155.04341048 21
120 TB
112  19.71564400 -155.04348952  19.71564560 -155.04353395 21
112  19.71557801 -155.04355924  19.71554028 -155.04355977 21
112  19.71550688 -155.04348632  19.71550688 -155.04344200 21
114  19.71557491 -155.04341323  19.71561258 -155.04341185 21
120 TB
112  19.71581312 -155.04235019  19.71581312 -155.04237340 3
112  19.71576472 -155.04240463  19.71572699 -155.04240516 3
112  19.71570958 -155.04234869  19.71570958 -155.04232390 3
114  19.71576242 -155.04229683  19.71579370 -155.04229631 3
120 TB
112  19.71581141 -155.04273252  19.71581141 -155.04275572 3
112  19.71576301 -155.04278696  19.71572528 -155.04278749 3
112  19.71570786 -155.04273102  19.71570786 -155.04270623 3
114  19.71576071 -155.04267916  19.71579198 -155.04267863 3
120 TB
112  19.71581312 -155.04311303  19.71581312 -155.04313623 3
112  19.71576472 -155.04316747  19.71572699 -155.04316799 3
112  19.71570958 -155.04311153  19.71570958 -155.04308674 3
114  19.71576242 -155.04305967  19.71579370 -155.04305914 3
120 TB
112  19.71543970 -155.04348645  19.71543970 -155.04350965 3
112  19.71539130 -155.04354089  19.71535357 -155.04354142 3
112  19.71533615 -155.04348495  19.71533615 -155.04346016 3
114  19.71538900 -155.04343309  19.71542027 -155.04343256 3
120 TB
112  19.71562641 -155.04348782  19.71562641 -155.04351102 3
112  19.71557801 -155.04354226  19.71554028 -155.04354279 3
112  19.71552287 -155.04348632  19.71552287 -155.04346153 3
114  19.71557571 -155.04343446  19.71560698 -155.04343393 3
120 TB
112  19.71582685 -155.04348952  19.71582845 -155.04353395 21
112  19.71576086 -155.04355924  19.71572313 -155.04355977 21
112  19.71568973 -155.04348632  19.71568973 -155.04344200 21
114  19.71575776 -155.04341323  19.71579543 -155.04341185 21
120 TB
112  19.71580926 -155.04348782  19.71580926 -155.04351102 3
112  19.71576086 -155.04354226  19.71572313 -155.04354279 3
112  19.71570572 -155.04348632  19.71570572 -155.04346153 3
114  19.71575856 -155.04343446  19.71578983 -155.04343393 3
120 TB
111  19.71638165 -155.05827737 53
111  19.71625216 -155.05811972 53
111  19.71586483 -155.05764815 53
112  19.71575718 -155.05763268  19.71569911 -155.05767481
111  19.71575718 -155.05763268 53
111  19.71507300 -155.05825135
112  19.71507300 -155.05825135  19.71496393 -155.05833742 53
111  19.71485860 -155.05824037 53
111  19.71440294 -155.05766914
111  19.71446295 -155.05761929 53
111  19.71492187 -155.05819105 53
112  19.71502675 -155.05819105  19.71507973 -155.05814967
111  19.71502675 -155.05819105 53
111  19.71522273 -155.05801219
112  19.71522273 -155.05801219  19.71518690 -155.05801881 53
111  19.71514820 -155.05797408 53
111  19.71469001 -155.05741405
111  19.71475073 -155.05736127 53
111  19.71520065 -155.05790371 53
112  19.71531382 -155.05792130  19.71537650 -155.05787022
111  19.71531382 -155.05792130 53
111  19.71580776 -155.05747848
112  19.71580776 -155.05747848  19.71594657 -155.05740475 53
111  19.71601876 -155.05751080 53
111  19.71640466 -155.05797649 53
115  19.71653472 -155.05813342
120 RM
111  19.71601918 -155.04226630 20
112  19.71596282 -155.04220220  19.71592161 -155.04220083
111  19.71596282 -155.04220220 20
111  19.71570915 -155.04219946
111  19.71570915 -155.04213654 20
111  19.71596411 -155.04213791
112  19.71596411 -155.04213791  19.71600660 -155.04213380 20
115  19.71601879 -155.04208590
120 RM
111  19.71601017 -155.04070154 22
115  19.71518580 -155.04070154
120 RM
111  19.71601290 -155.04080155 20
112  19.71593641 -155.04073850  19.71588591 -155.04073700
111  19.71593641 -155.04073850 20
111  19.71515025 -155.04073650 20
111  19.71515591 -155.04066440 20
111  19.71593406 -155.04066239
112  19.71593406 -155.04066239  19.71599497 -155.04066239 20
115  19.71601260 -155.04059136
120 RM
111  19.71595675 -155.03865288 22
111  19.71546092 -155.03865688 22
112  19.71534404 -155.03856476  19.71531594 -155.03850632 22
115  19.71523092 -155.03850668
120 RM
111  19.71600996 -155.03874253 20
112  19.71595479 -155.03869010  19.71590797 -155.03868784
111  19.71595479 -155.03869010 20
111  19.71546005 -155.03868958 20
112  19.71533852 -155.03861344  19.71529781 -155.03854318 20
111  19.71522478 -155.03853896 20
111  19.71517024 -155.03853896 20
111  19.71516401 -155.03847772 20
111  19.71522789 -155.03847607 20
112  19.71537061 -155.03853742  19.71540187 -155.03859610 20
111  19.71544914 -155.03861675 20
111  19.71595084 -155.03862006
112  19.71595084 -155.03862006  19.71599873 -155.03861893 20
115  19.71600971 -155.03856543
120 RM
111  19.71604109 -155.03655609 22
111  19.71605042 -155.04431914
112  19.71605042 -155.04431914  19.71605955 -155.04453481 22
111  19.71623819 -155.04453596 22
111  19.71715366 -155.04454598 22
112  19.71753768 -155.04469633  19.71773457 -155.04486034 22
111  19.71772849 -155.04513529 22
111  19.71772615 -155.05009835
112  19.71772615 -155.05009835  19.71772791 -155.05046885 22
111  19.71791132 -155.05068032 22
111  19.71823346 -155.05113299 22
111  19.71867127 -155.05130833
112  19.71867127 -155.05130833  19.71874209 -155.05134800 22
111  19.71874619 -155.05141776 22
111  19.71874736 -155.05349513 22
111  19.71872629 -155.05353990 22
111  19.71846993 -155.05384332 22
112  19.71842778 -155.05396394  19.71842778 -155.05404587
111  19.71842778 -155.05396394 22
111  19.71843715 -155.05483515 22
112  19.71835976 -155.05524052  19.71827304 -155.05550287 22
111  19.71815304 -155.05561578 22
111  19.71214925 -155.06106426 22
112  19.71178531 -155.06153481  19.71170273 -155.06173342 22
111  19.71174667 -155.06204252 22
111  19.71187364 -155.06253218
112  19.71187364 -155.06253218  19.71192973 -155.06273740 22
111  19.71202269 -155.06286643 22
111  19.71234156 -155.06326631
112  19.71234156 -155.06326631  19.71252711 -155.06343634 22
111  19.71276649 -155.06333402 22
112  19.71298037 -155.06327083  19.71310927 -155.06326180
111  19.71298037 -155.06327083 22
111  19.71315163 -155.06326933
112  19.71315163 -155.06326933  19.71340800 -155.06324977 22
111  19.71351565 -155.06310984 22
111  19.71926720 -155.05787198 22
112  19.71946623 -155.05788336  19.71957763 -155.05793434
111  19.71946623 -155.05788336
112  19.71946623 -155.05788336  19.71954507 -155.05791431 22
111  19.71962163 -155.05800104 22
115  19.71983180 -155.05825583
120 RM
111  19.71470374 -155.05869915 20
115  19.71799700 -155.05570815
120 RM
111  19.71450407 -155.05898548 20
115  19.71824902 -155.05556999
120 RM
111  19.71985984 -155.05824280 20
111  19.71962161 -155.05795514 20
111  19.71953078 -155.05788778 20
111  19.71943823 -155.05783316
112  19.71943823 -155.05783316  19.71932301 -155.05779018 20
111  19.71923748 -155.05785855 20
115  19.71545011 -155.06129801
120 RM
111  19.71981796 -155.05829980 20
111  19.71955252 -155.05798037 20
111  19.71949352 -155.05793817 20
111  19.71938661 -155.05788785
112  19.71938661 -155.05788785  19.71932915 -155.05787315 20
111  19.71927692 -155.05790880 20
115  19.71555375 -155.06130073
120 RM
111  19.71856656 -155.05367700 20
111  19.71869044 -155.05353320 20
111  19.71870994 -155.05348741 20
111  19.71870917 -155.05141482 20
112  19.71865977 -155.05134227  19.71860837 -155.05131835
111  19.71865977 -155.05134227 20
115  19.71836107 -155.05122164
120 RM
111  19.71865140 -155.05367694 20
111  19.71877085 -155.05354382 20
111  19.71878216 -155.05350176 20
111  19.71877650 -155.05140073 20
112  19.71868356 -155.05128091  19.71860991 -155.05125081
111  19.71868356 -155.05128091 20
115  19.71854393 -155.05122412
120 RM
111  19.71602197 -155.04355918 20
111  19.71601918 -155.04226630 20
111  19.71601879 -155.04208590 20
111  19.71601290 -155.04080155 20
111  19.71601260 -155.04059136 20
111  19.71600996 -155.03874253 20
111  19.71600971 -155.03856543 20
111  19.71600764 -155.03655023
111  19.71607228 -155.03655108 20
115  19.71609263 -155.04356814
120 WS Circle
112  19.72248399 -155.05572571  19.72248399 -155.05581873 21 106
112  19.72233494 -155.05586645  19.72225896 -155.05586782 21 106
112  19.72219968 -155.05570811  19.72220097 -155.05563972 21 106
114  19.72234322 -155.05556444  19.72240760 -155.05556444 21 106
21  19.72091617 -155.03237635 2 270.0000 2.60 26 PAPI
21  19.72092730 -155.05376483 3 90.0000 3.00 08 PAPI
21  19.71530403 -155.06039132 1 40.5700 3.20 03 VASI
20  19.72102102 -155.05365841 270.0400 0 4 {@B}1{@@,@B}8
20  19.72173868 -155.05365841 270.0400 0 4 {@B}1{@@,@B}8
20  19.72102129 -155.05072323 270.0400 0 4 {@B}2{@@,@B}7
20  19.72173895 -155.05072323 270.0400 0 4 {@B}2{@@,@B}7
20  19.72102368 -155.04780664 270.0400 0 4 {@B}3{@@,@B}6
20  19.72174135 -155.04780664 270.0400 0 4 {@B}3{@@,@B}6
20  19.72100154 -155.04488133 270.0400 0 4 {@B}4{@@,@B}5
20  19.72171920 -155.04488133 270.0400 0 4 {@B}4{@@,@B}5
20  19.72100643 -155.04197241 270.0400 0 4 {@B}5{@@,@B}4
20  19.72172409 -155.04197241 270.0400 0 4 {@B}5{@@,@B}4
20  19.72101621 -155.03905829 270.0400 0 4 {@B}6{@@,@B}3
20  19.72173387 -155.03905829 270.0400 0 4 {@B}6{@@,@B}3
20  19.72100517 -155.03614663 270.0400 0 4 {@B}7{@@,@B}2
20  19.72172283 -155.03614663 270.0400 0 4 {@B}7{@@,@B}2
20  19.72098860 -155.03326136 270.0400 0 4 {@B}8{@@,@B}1
20  19.72170627 -155.03326136 270.0400 0 4 {@B}8{@@,@B}1
20  19.71987757 -155.05500456 270.0000 0 3 {@L}A{@R}03-21{@@,safety}{@L}A
20  19.72019038 -155.02887663 89.9300 0 3 {@R}ILS
20  19.72058862 -155.02984987 358.8500 0 3 {@L}A{@R}26{@@,safety}{@L}A
20  19.72042823 -155.05675803 89.2200 0 3 {@L}A{@Y,^lu}C{^rd}
20  19.72038489 -155.05602377 89.2200 0 3 {@L}A{@R}21-03{@@,safety}{@L}A
20  19.72041801 -155.04957999 90.0000 0 3 {@Y,^l}D{@L}A
20  19.71979004 -155.03998542 271.0300 0 3 {@L}A{@Y,^l}E{^r}
20  19.72039863 -155.03726650 90.8100 0 3 {@L}A{@Y}F{^r}
20  19.72041051 -155.04119995 90.8100 0 3 {@L}A{@Y,^l}E{^r}
20  19.71979126 -155.03614618 270.4400 0 3 {@Y,^l}F{@L}A
20  19.72041488 -155.05416139 90.0000 0 3 {@Y,^lu}B{@L}A{@Y}CARGO{^r}
20  19.71986038 -155.05643306 270.0000 0 3 {@L}A{@Y,^lu}C{^rd}
20  19.72042639 -155.05060540 270.0000 0 3 {@Y,^l}CARGO{@L}A
20  19.71984849 -155.05244709 270.0000 0 3 {@Y,^l}CARGO{@L}A{@Y}B{^rd}{@@,@L}A{@Y}CARGO{^r}
20  19.71985753 -155.04878144 270.0000 0 3 {@L}A{@Y}D{^r}
20  19.72063037 -155.05395530 38.4500 0 3 {@L}B{@R}08-26{@@,safety}{@L}B
20  19.71969828 -155.05184575 360.0000 0 3 {@Y,^l}A{^r}
20  19.71970077 -155.05378994 360.0000 0 3 {@Y,^l}A{^r}
20  19.72057896 -155.05317064 222.2900 0 3 {@L}B{@Y,^ld}A{^ru}
20  19.72061744 -155.05654199 40.3600 0 3 {@L}C{@R}08-26{@@,safety}{@L}C
20  19.72461099 -155.05222683 133.0500 0 3 {@L}C{@R}21{@@,safety}{@L}C
20  19.72047441 -155.05470142 40.8100 0 4 {@R}08-26
20  19.72063208 -155.05559537 40.8100 0 4 {@R}08-26
20  19.72209556 -155.05336015 220.8100 0 4 {@R}26-08
20  19.72214826 -155.05420782 220.8100 0 4 {@R}26-08
20  19.72214324 -155.05438376 220.8100 0 3 {@L}C{@R}26-08{@@,safety}{@L}C
20  19.71520518 -155.06070115 221.1100 0 3 {@Y,^l}K{@L}C
20  19.71732337 -155.05877018 221.1100 0 3 {@Y,^l}L{@L}C
20  19.72058770 -155.05578991 220.1600 0 3 {@L}C{@Y,^ld}A{^ru}
20  19.71891314 -155.05739036 40.0500 0 3 {@Y,^lu}08{@L}C
20  19.71957836 -155.05674822 40.0500 0 3 {@L}C{@Y}A{^r}
20  19.71494900 -155.06093237 38.4200 0 3 {@L}C{@Y}K{^r}
20  19.71683945 -155.05920426 38.4200 0 3 {@L}C{@Y}L{^r}
20  19.72060938 -155.04948727 360.0000 0 3 {@L}D{@R}08-26{@@,safety}{@L}D
20  19.72061635 -155.04885917 178.4900 0 3 {@L}D{@Y,^l}A{^r}
20  19.72060578 -155.04090356 360.0000 0 3 {@L}E{@R}08-26{@@,safety}{@L}E
20  19.71956199 -155.04091285 360.0000 0 3 {@L}E{@Y,^l}A{^r}
20  19.72059725 -155.03983315 178.8300 0 3 {@L}E{@Y,^l}A{^r}
20  19.71960553 -155.03704853 358.9700 0 3 {@L}F{@Y,^l}A{^r}
20  19.71501224 -155.06096212 307.3300 0 3 {@L}K{@Y,^l}C{^r}
20  19.71693382 -155.05913987 307.3300 0 3 {@L}K{@Y}{^l}C{^r}
20  19.71616695 -155.05817566 310.6000 0 3 {@L}L{@R}03-21{@@,safety}{@L}L
20  19.71522176 -155.06076974 128.9900 0 3 {@L}K{@R}21-03{@@,safety}{@L}K
20  19.71736119 -155.05883023 130.7700 0 3 {@L}L{@R}21-03{@@,safety}{@L}L
20  19.72062131 -155.05727705 360.0000 0 3 {@R}08{@L}A{@@,@Y,^l}A{@L}A{@Y}C{^u}
20  19.72063235 -155.05828280 360.0000 0 3 {@L}A{@R}08{@@,safety}{@L}A
20  19.71316418 -155.06264442 130.6800 0 3 {@L}C{@R}03{@@,safety}{@L}C
20  19.71500112 -155.06164716 127.9000 0 2 {@Y,^l}C{^r}
20  19.71424053 -155.06233372 128.3700 0 2 {@Y,^l}C{^r}
20  19.72168967 -155.05472518 270.0000 0 3 {@Y}C{^rd}
20  19.72106586 -155.05648743 90.0000 0 3 {@Y}C{^rd}
20  19.72106586 -155.05384862 90.0000 0 3 {@Y}B{^rd}
20  19.72106330 -155.04965301 90.0000 0 3 {@Y}D{^r}
20  19.72105940 -155.04127748 90.0000 0 3 {@Y}E{^r}
20  19.72098756 -155.03012832 90.0000 0 3 {@Y}A{^r}
20  19.72106237 -155.03950791 270.0000 0 3 {@Y,^l}E
20  19.72106280 -155.04870191 270.0000 0 3 {@Y,^l}D
20  19.72106493 -155.05263131 270.0000 0 3 {@Y,^lu}B
20  19.71300781 -155.06240455 220.0000 0 3 {@Y}C{^r}
20  19.71626668 -155.05853746 40.0000 0 3 {@Y}L{^r}
20  19.71722489 -155.05864649 220.0000 0 3 {@Y}L{^r}
20  19.71507852 -155.06051656 220.0000 0 3 {@Y}K{^r}
20  19.71477160 -155.06078311 40.0000 0 3 {@Y,^l}K
20  19.71679773 -155.05804133 220.0000 0 3 {@Y,^l}L
20  19.71670292 -155.05907951 40.0000 0 3 {@Y,^l}L
20  19.72058878 -155.05458256 220.0000 0 3 {@Y,^ld}A
20  19.71977822 -155.05536121 40.0000 0 3 {@Y}A{^ru}
20  19.72045835 -155.05572246 220.0000 0 3 {@Y}A{^ru}
20  19.71966363 -155.05636007 40.0000 0 3 {@Y,^ld}A
20  19.72402406 -155.05238432 40.0000 0 3 {@Y,^l}C
20  19.72169708 -155.05563072 90.0000 0 3 {@Y,^lu}C
20  19.72106498 -155.05541374 270.0000 0 3 {@Y,^lu}C
20  19.72106964 -155.05696960 270.0000 0 3 {@Y,^l}A
14  19.71617347 -155.04760207 147.64 0 Tower Viewpoint
1300  19.71324045 -155.06287752 202.59 misc jets|turboprops|props Hold Short Rwy 03
1301 C none 
1300  19.72026213 -155.05742648 314.64 misc heavy|jets|turboprops|props Hold Short Rwy 08
1301 E none 
1300  19.72434372 -155.05276021  50.96 misc jets|turboprops|props Hold Short Rwy 21
1301 C none 
1300  19.72023032 -155.02970297  50.96 misc heavy|jets|turboprops|props Hold Short Rwy 26
1301 E none 
1300  19.71548343 -155.03758917 182.02 gate heavy|jets Gate 3
1301 E none 
1300  19.71551015 -155.03901894 182.02 gate heavy|jets Gate 5
1301 E none 
1300  19.71553322 -155.04106347 182.02 gate heavy|jets Gate 8
1301 E none 
1300  19.71707239 -155.06033838  39.02 gate heavy|jets|turboprops|props Cargo
1301 E none 
1300  19.71936999 -155.05931916  11.48 tie_down jets|turboprops|props|helos Ga Parking
1301 C none 
1300  19.71659843 -155.05622819  40.73 tie_down turboprops|props|helos Hawaii ANG Ramp
1301 C none 
18  19.71481559 -155.04062683 1 Airport Beacon
19  19.71382236 -155.06029165 1 WS
19  19.72235565 -155.05571308 1 WS
19  19.72550832 -155.05182877 1 WS
19  19.72295694 -155.03331563 1 WS
1050 126400 ATIS
1051 118100 CTAF
1053 121900 GND
1054 118100 TWR
1055 119700 APP/DEP
99
