I
1130 Generated by WorldEditor 2.0.0r4

1     96 0 0 PHUP Upolu
1302 city Hawi
1302 country United States
1302 datum_lat 20.265194444
1302 datum_lon -155.859944444
1302 faa_code UPP
1302 iata_code UPP
1302 icao_code PHUP
1302 region_code PH
1302 state Hawaii
1302 transition_alt 18000
1302 transition_level 18000
100 22.86 1 0 1.00 0 2 0 07  20.26404978 -155.86538750    0    0 2 0 0 0 25  20.26640431 -155.85454193    0    0 2 0 0 0
110 1 0.00 0.0000 New Taxiway 29
112  20.26427432 -155.86099263  20.26425129 -155.86100584
112  20.26422428 -155.86095965  20.26422507 -155.86093179
114  20.26427609 -155.86092994  20.26429834 -155.86094460
110 2 0.00 0.0000 New Taxiway 16
111  20.26493611 -155.85787423
111  20.26484074 -155.85785057
111  20.26488200 -155.85766158
111  20.26492282 -155.85767171
111  20.26493287 -155.85762567
113  20.26498742 -155.85763920
110 3 0.00 0.0000 New Taxiway 10
112  20.26459102 -155.86015803  20.26451823 -155.86020350
112  20.26442603 -155.86005798  20.26442548 -155.85996805
114  20.26458981 -155.85995568  20.26466314 -155.86000015
110 1 0.00 0.0000 New Taxiway 12
112  20.26419111 -155.86519476  20.26419111 -155.86519703
112  20.26417511 -155.86538688  20.26417725 -155.86540279
112  20.26419004 -155.86544371  20.26419004 -155.86545167
112  20.26416018 -155.86544940  20.26415485 -155.86544599
112  20.26413459 -155.86542098  20.26412499 -155.86541416
112  20.26399382 -155.86538801  20.26397036 -155.86538346
112  20.26390424 -155.86532435  20.26387118 -155.86527888
111  20.26383386 -155.86523341
112  20.26383628 -155.86519533  20.26384142 -155.86516847
111  20.26386148 -155.86509775
112  20.26388256 -155.86508349  20.26390519 -155.86507801
111  20.26399725 -155.86504786
112  20.26401525 -155.86503525  20.26402245 -155.86502812
113  20.26402656 -155.86501387
110 1 0.00 0.0000 New Taxiway 3
111  20.26510246 -155.85825452
111  20.26490446 -155.85820244
111  20.26497705 -155.85786909
111  20.26493884 -155.85786531
111  20.26492995 -155.85787194
111  20.26484286 -155.85785204
111  20.26488285 -155.85764742
111  20.26497616 -155.85767016
112  20.26500377 -155.85763267  20.26500732 -155.85760520
111  20.26502865 -155.85750762
112  20.26499512 -155.85745687  20.26494393 -155.85744551
112  20.26480849 -155.85740004  20.26476583 -155.85738639
111  20.26471998 -155.85736707
111  20.26471785 -155.85732614
111  20.26497228 -155.85741652
112  20.26503893 -155.85739994  20.26504707 -155.85737547
111  20.26513542 -155.85696165
111  20.26528576 -155.85700192
111  20.26520948 -155.85742190
112  20.26519196 -155.85745966  20.26517661 -155.85746648
111  20.26515869 -155.85747876
111  20.26527002 -155.85751423
112  20.26525211 -155.85762063  20.26525595 -155.85763564
112  20.26536728 -155.85772703  20.26544279 -155.85775022
112  20.26555540 -155.85774340  20.26558099 -155.85772840
111  20.26562322 -155.85767520
111  20.26548121 -155.85831357
112  20.26537990 -155.85818378  20.26530347 -155.85816484
112  20.26521638 -155.85815347  20.26517639 -155.85816199
114  20.26512840 -155.85820083  20.26511152 -155.85822073
110 1 0.00 0.0000 New Taxiway 14
111  20.26623833 -155.85482599
112  20.26611249 -155.85470663  20.26611036 -155.85469299
111  20.26614555 -155.85455089
111  20.26629698 -155.85450428
111  20.26650387 -155.85455203
113  20.26650387 -155.85456680
110 4 0.00 0.0000 New Taxiway 8
111  20.26429386 -155.86571203
112  20.26418811 -155.86577266  20.26409302 -155.86574140
111  20.26404947 -155.86572435
111  20.26404680 -155.86570445
111  20.26324881 -155.86539642
112  20.26350181 -155.86422840  20.26358142 -155.86393139
112  20.26377006 -155.86321117  20.26383272 -155.86293420
111  20.26386589 -155.86280455
112  20.26401147 -155.86277705  20.26408149 -155.86278687
111  20.26409623 -155.86281241
112  20.26423813 -155.86275937  20.26428420 -155.86272009
112  20.26440713 -155.86256053  20.26440406 -155.86252615
112  20.26439178 -155.86245249  20.26440406 -155.86238701
112  20.26447317 -155.86207599  20.26448545 -155.86203998
111  20.26454516 -155.86173940
112  20.26451082 -155.86168916  20.26451526 -155.86167100
112  20.26454562 -155.86167416  20.26455747 -155.86166706
112  20.26457673 -155.86158574  20.26459080 -155.86151391
112  20.26466377 -155.86119541  20.26466991 -155.86113321
112  20.26478754 -155.86059183  20.26480413 -155.86051129
112  20.26489995 -155.86010271  20.26490916 -155.86004378
112  20.26500576 -155.85959994  20.26504556 -155.85939014
112  20.26511411 -155.85913321  20.26513623 -155.85905306
112  20.26513623 -155.85895406  20.26514507 -155.85887862
112  20.26518267 -155.85879612  20.26518930 -155.85878905
112  20.26520199 -155.85869486  20.26517853 -155.85864257
112  20.26513480 -155.85855959  20.26511987 -155.85853571
112  20.26502132 -155.85842367  20.26500212 -155.85840889
112  20.26499572 -155.85834864  20.26499252 -155.85833159
112  20.26495946 -155.85828043  20.26495520 -155.85827475
112  20.26493707 -155.85827020  20.26493067 -155.85828157
112  20.26488908 -155.85834296  20.26488695 -155.85834296
111  20.26486870 -155.85833346
111  20.26492859 -155.85793731
111  20.26483799 -155.85784400
112  20.26485027 -155.85767540  20.26486410 -155.85762956
111  20.26490402 -155.85760664
111  20.26498080 -155.85762629
112  20.26500499 -155.85759596  20.26501566 -155.85754764
111  20.26501921 -155.85746523
111  20.26515960 -155.85676213
112  20.26520107 -155.85683397  20.26519293 -155.85689949
112  20.26519219 -155.85694765  20.26520107 -155.85696186
111  20.26522329 -155.85698318
111  20.26521588 -155.85741413
112  20.26526190 -155.85744444  20.26531300 -155.85741049
111  20.26548349 -155.85731423
112  20.26550588 -155.85727444  20.26550908 -155.85724261
112  20.26553787 -155.85718919  20.26554960 -155.85712894
112  20.26564575 -155.85669488  20.26565286 -155.85666267
112  20.26564131 -155.85662667  20.26565020 -155.85659068
112  20.26579889 -155.85596885  20.26583021 -155.85584313
112  20.26590568 -155.85543141  20.26593148 -155.85532140
111  20.26596833 -155.85512889
112  20.26595728 -155.85502380  20.26592656 -155.85495996
112  20.26585618 -155.85476371  20.26584018 -155.85469891
112  20.26584978 -155.85447394  20.26587742 -155.85438391
112  20.26597110 -155.85432334  20.26601717 -155.85430370
112  20.26612313 -155.85424477  20.26617380 -155.85422840
112  20.26631508 -155.85424313  20.26639494 -155.85426932
111  20.26655900 -155.85432791
112  20.26657128 -155.85437047  20.26654979 -155.85441467
112  20.26654518 -155.85448997  20.26653289 -155.85452926
112  20.26651447 -155.85463730  20.26650218 -155.85466022
112  20.26647761 -155.85483374  20.26647147 -155.85487630
112  20.26637763 -155.85527854  20.26636099 -155.85535493
112  20.26603749 -155.85683247  20.26601600 -155.85694378
112  20.26563878 -155.85868171  20.26561114 -155.85882086
112  20.26547660 -155.85941765  20.26544896 -155.85952373
112  20.26499841 -155.86163348  20.26497601 -155.86171646
112  20.26478381 -155.86266299  20.26474179 -155.86283978
111  20.26468430 -155.86309200
112  20.26471108 -155.86313452  20.26475107 -155.86314399
111  20.26487104 -155.86318189
112  20.26486200 -155.86331565  20.26484510 -155.86341059
112  20.26476679 -155.86374944  20.26476371 -155.86379201
112  20.26472379 -155.86393933  20.26471611 -155.86396225
112  20.26454705 -155.86468212  20.26453821 -155.86472927
112  20.26451609 -155.86493199  20.26449398 -155.86501685
114  20.26439447 -155.86530443  20.26437899 -155.86535158
130 Airport Boundary
111  20.26447103 -155.86512758
111  20.26424547 -155.86611195
111  20.26307258 -155.86582060
111  20.26314410 -155.86547379
111  20.26321288 -155.86548601
111  20.26348698 -155.86422101
111  20.26375765 -155.86322646
111  20.26392960 -155.86247291
111  20.26411988 -155.86161772
111  20.26413979 -155.86134428
111  20.26411767 -155.86121935
111  20.26406239 -155.86112742
111  20.26402480 -155.86103549
111  20.26402037 -155.86095770
111  20.26407345 -155.86077619
111  20.26426933 -155.86015068
111  20.26439759 -155.85983010
111  20.26446844 -155.85970569
111  20.26459228 -155.85934975
111  20.26472275 -155.85898072
111  20.26477911 -155.85872700
111  20.26491664 -155.85794473
111  20.26480310 -155.85782918
111  20.26488027 -155.85743182
111  20.26473029 -155.85738826
111  20.26473906 -155.85732308
111  20.26490724 -155.85738109
111  20.26497923 -155.85739952
111  20.26501233 -155.85739024
111  20.26503858 -155.85736890
111  20.26511964 -155.85695116
111  20.26569549 -155.85390800
111  20.26567809 -155.85379079
111  20.26562767 -155.85372007
111  20.26549233 -155.85368047
111  20.26537823 -155.85369744
111  20.26531454 -155.85369179
111  20.26523494 -155.85360410
111  20.26520840 -155.85350509
111  20.26522697 -155.85349378
111  20.26702323 -155.85407251
111  20.26706525 -155.85412202
111  20.26704756 -155.85426109
111  20.26644530 -155.85675557
111  20.26590301 -155.85909753
111  20.26567067 -155.86015938
111  20.26545286 -155.86113697
111  20.26538026 -155.86160947
111  20.26532873 -155.86167580
111  20.26534019 -155.86181837
111  20.26535548 -155.86201796
111  20.26528287 -155.86219311
111  20.26520263 -155.86260043
111  20.26508799 -155.86279595
111  20.26495807 -155.86310145
111  20.26489311 -155.86328067
113  20.26476319 -155.86388759
120 Linear Feature 28
111  20.26500345 -155.85744626 24
111  20.26501192 -155.85744182 24
115  20.26500489 -155.85743616
120 Linear Feature 27
111  20.26496269 -155.85744045 24
111  20.26495489 -155.85743246 24
115  20.26496370 -155.85742759
120 Linear Feature 26
111  20.26501087 -155.85744159 24
115  20.26495480 -155.85743245
120 Linear Feature 25
111  20.26504790 -155.85737240 24
115  20.26513210 -155.85697710
120 Linear Feature 24
111  20.26512461 -155.85723717 24
115  20.26508004 -155.85722621
120 Linear Feature 24
111  20.26517311 -155.85700607 24
115  20.26512854 -155.85699510
120 Linear Feature 24
111  20.26516691 -155.85703118 24
115  20.26512234 -155.85702022
120 Linear Feature 24
111  20.26516209 -155.85705488 24
115  20.26511752 -155.85704391
120 Linear Feature 24
111  20.26515822 -155.85707962 24
115  20.26511365 -155.85706866
120 Linear Feature 24
111  20.26515346 -155.85710183 24
115  20.26510888 -155.85709087
120 Linear Feature 24
111  20.26514899 -155.85712467 24
115  20.26510442 -155.85711371
120 Linear Feature 24
111  20.26514387 -155.85714623 24
115  20.26509930 -155.85713527
120 Linear Feature 24
111  20.26513940 -155.85716654 24
115  20.26509483 -155.85715557
120 Linear Feature 24
111  20.26513375 -155.85719033 24
115  20.26508918 -155.85717937
120 Linear Feature 24
111  20.26512975 -155.85721433 24
115  20.26508518 -155.85720337
120 Linear Feature 24
111  20.26511990 -155.85725956 24
115  20.26507533 -155.85724859
120 Linear Feature 24
111  20.26511433 -155.85728514 24
115  20.26506975 -155.85727418
120 Linear Feature 23
111  20.26503896 -155.85740578 24
111  20.26509501 -155.85737961 24
115  20.26504814 -155.85737194
120 Linear Feature 22
111  20.26498854 -155.85764408 24
111  20.26501940 -155.85749606 24
112  20.26499409 -155.85745922  20.26496077 -155.85745133 24
115  20.26489350 -155.85744014
120 Linear Feature 21
111  20.26490118 -155.85739621 24
111  20.26496082 -155.85741182 24
116  20.26503903 -155.85740573  20.26506939 -155.85739126
120 Linear Feature 13
111  20.26392977 -155.86534774 3 102
111  20.26383823 -155.86522330 3 102
111  20.26386960 -155.86509118 3 102
115  20.26399200 -155.86505774
120 Linear Feature 9
112  20.26453923 -155.86016690  20.26445991 -155.86017043 25
112  20.26444355 -155.86000612  20.26448035 -155.85993113 25
114  20.26462202 -155.85999818  20.26466454 -155.86006964 25
120 Linear Feature 11
111  20.26459656 -155.85988668 10
111  20.26457291 -155.85988065 10
115  20.26456503 -155.85991578
120 Linear Feature 7
111  20.26540660 -155.85849061 102
111  20.26543326 -155.85834472 102
112  20.26536394 -155.85820357  20.26528041 -155.85818463 102
112  20.26517643 -155.85819505  20.26513022 -155.85823010 102
115  20.26513022 -155.85826704
120 Linear Feature 6
111  20.26562083 -155.85751476 102
111  20.26558795 -155.85764265 102
112  20.26546176 -155.85772791  20.26535689 -155.85770139 102
112  20.26529557 -155.85763886  20.26528491 -155.85760002 102
115  20.26530357 -155.85751098
120 Linear Feature 11
111  20.26451980 -155.86023791 10
111  20.26449615 -155.86023188 10
115  20.26450476 -155.86019350
120 Linear Feature 5
111  20.26518581 -155.85814482 4
115  20.26528071 -155.85769751
120 Linear Feature 5
111  20.26499010 -155.85816948 1
115  20.26493620 -155.85815552
120 Linear Feature 5
111  20.26510192 -155.85819757 1
115  20.26504801 -155.85818362
120 Linear Feature 4
111  20.26495575 -155.85820944 1
115  20.26496408 -155.85816281
120 Linear Feature 4
111  20.26506756 -155.85823775 1
115  20.26507589 -155.85819111
120 Linear Feature 15
111  20.26622032 -155.85479230 3 102
111  20.26612125 -155.85469915 3 102
111  20.26615235 -155.85455310 3 102
115  20.26629067 -155.85451363
21  20.26577269 -155.85602581 2 256.9200 3.00 New PAPI-4L
21  20.26460021 -155.86394618 2 76.9200 3.00 New PAPI-4L
20  20.26525973 -155.85820324 344.5981 0 2 {@R}7-25
20  20.26537005 -155.85767600 344.5981 0 2 {@R}7-25
14  20.26497922 -155.85776481   6.56 0 Tower Viewpoint
1300  20.26507572 -155.85819065  78.28 misc turboprops|props|helos Apron 1
1301 A none 
1300  20.26496344 -155.85816278  78.28 misc turboprops|props|helos Apron 2
1301 A none 
18  20.26425618 -155.86096042 1 New Airport Beacon 8
19  20.26453323 -155.86006265 1 New Windsock 1
1051 122900 CTAF
99
