I
1130 Generated by WorldEditor 2.0.0r4

17      0 0 0 xxxx [H] Mauna Kea Helicopters
102 H1  20.00529654 -155.79560220   5.19 5.00 5.00 2 0 0 0.00 1
102 H2  20.00536742 -155.79582736   5.19 5.00 5.00 2 0 0 0.00 1
102 H3  20.00529048 -155.79608987   5.19 5.00 5.00 2 0 0 0.00 1
102 H4  20.00528464 -155.79641006   5.19 5.00 5.00 2 0 0 0.00 1
110 2 0.00 0.0000 New Taxiway 34
111  20.00531151 -155.79561675
111  20.00528198 -155.79561951
111  20.00527930 -155.79558709
113  20.00530883 -155.79558432
110 2 0.00 0.0000 New Taxiway 34
111  20.00538289 -155.79584268
111  20.00535337 -155.79584545
111  20.00535068 -155.79581302
113  20.00538021 -155.79581026
110 2 0.00 0.0000 New Taxiway 34
111  20.00530687 -155.79610666
111  20.00527734 -155.79610818
111  20.00527586 -155.79607563
113  20.00530539 -155.79607412
110 2 0.00 0.0000 New Taxiway 34
111  20.00530067 -155.79642508
111  20.00527114 -155.79642660
111  20.00526966 -155.79639406
113  20.00529919 -155.79639254
110 2 0.00 0.0000 New Taxiway 33
111  20.00483438 -155.79620503
111  20.00475669 -155.79620280
111  20.00475980 -155.79608021
111  20.00476796 -155.79608044
111  20.00476986 -155.79600567
111  20.00478372 -155.79600606
111  20.00478213 -155.79606861
113  20.00483780 -155.79607021
110 1 0.00 0.0000 New Taxiway 31
111  20.00523016 -155.79641176
112  20.00520080 -155.79635860  20.00519067 -155.79633633
112  20.00513553 -155.79614353  20.00512212 -155.79608829
112  20.00506846 -155.79599208  20.00503171 -155.79595049
112  20.00499947 -155.79594236  20.00497225 -155.79594343
111  20.00492589 -155.79594772
111  20.00486999 -155.79607698
111  20.00476080 -155.79607340
112  20.00474148 -155.79603944  20.00474064 -155.79602692
111  20.00473560 -155.79602156
111  20.00470117 -155.79601977
111  20.00469865 -155.79596346
112  20.00462340 -155.79590526  20.00458409 -155.79584734
112  20.00452563 -155.79572399  20.00450447 -155.79566715
112  20.00435676 -155.79540113  20.00430636 -155.79532712
111  20.00420118 -155.79524930
111  20.00421425 -155.79520760
112  20.00435503 -155.79533425  20.00440728 -155.79541148
111  20.00447549 -155.79548871
111  20.00450452 -155.79549952
111  20.00450887 -155.79553968
111  20.00448710 -155.79554586
112  20.00456803 -155.79571391  20.00458617 -155.79572035
112  20.00459948 -155.79568817  20.00460311 -155.79564956
112  20.00458859 -155.79558134  20.00458617 -155.79556332
111  20.00457650 -155.79552342
111  20.00459585 -155.79548094
111  20.00462004 -155.79545005
111  20.00485105 -155.79549639
112  20.00489467 -155.79545874  20.00491886 -155.79545230
111  20.00503013 -155.79548448
111  20.00501077 -155.79560161
111  20.00490676 -155.79555913
112  20.00484266 -155.79561834  20.00483056 -155.79566982
111  20.00479912 -155.79572903
112  20.00474106 -155.79576121  20.00469510 -155.79575349
112  20.00467091 -155.79572388  20.00464672 -155.79569428
112  20.00462737 -155.79572517  20.00461770 -155.79576378
112  20.00463463 -155.79583973  20.00466124 -155.79585517
112  20.00468301 -155.79586289  20.00468301 -155.79586161
111  20.00471687 -155.79583329
111  20.00486201 -155.79582943
111  20.00486080 -155.79588477
112  20.00491886 -155.79590794  20.00497328 -155.79590923
111  20.00499868 -155.79590794
112  20.00502145 -155.79587295  20.00501865 -155.79582676
112  20.00502705 -155.79576866  20.00503615 -155.79574185
112  20.00507885 -155.79572099  20.00512014 -155.79571578
112  20.00516354 -155.79570908  20.00518034 -155.79570386
112  20.00520483 -155.79567183  20.00521323 -155.79564055
112  20.00523945 -155.79560182  20.00525461 -155.79557885
111  20.00526919 -155.79556581
111  20.00527444 -155.79564092
112  20.00523128 -155.79563409  20.00521728 -155.79567009
112  20.00515896 -155.79572099  20.00509946 -155.79572844
112  20.00505338 -155.79575389  20.00503880 -155.79577996
112  20.00504522 -155.79580976  20.00506097 -155.79582155
112  20.00510646 -155.79582900  20.00513562 -155.79583583
112  20.00520095 -155.79585073  20.00523711 -155.79584824
112  20.00531061 -155.79584079  20.00532577 -155.79583397
111  20.00533569 -155.79580603
111  20.00533860 -155.79585879
112  20.00529777 -155.79585569  20.00527094 -155.79586066
112  20.00520678 -155.79586624  20.00518812 -155.79586624
112  20.00512979 -155.79585135  20.00508371 -155.79583769
112  20.00505163 -155.79583397  20.00504522 -155.79583769
112  20.00504171 -155.79586451  20.00504591 -155.79589654
112  20.00506411 -155.79593080  20.00508021 -155.79594123
112  20.00512850 -155.79595464  20.00516000 -155.79596954
112  20.00520969 -155.79602466  20.00522019 -155.79604253
112  20.00525169 -155.79606637  20.00525449 -155.79606562
111  20.00527059 -155.79606041
111  20.00526779 -155.79611478
112  20.00520269 -155.79604551  20.00517050 -155.79600603
112  20.00511590 -155.79596954  20.00508930 -155.79596209
112  20.00507321 -155.79596581  20.00509490 -155.79598294
112  20.00513106 -155.79606129  20.00514331 -155.79610226
112  20.00517525 -155.79623300  20.00519099 -155.79628204
112  20.00522016 -155.79634846  20.00523182 -155.79636522
113  20.00524465 -155.79637142
110 1 0.00 0.0000 New Taxiway 30
112  20.00533760 -155.79561591  20.00532743 -155.79565084
112  20.00526322 -155.79563379  20.00524033 -155.79560680
114  20.00528610 -155.79555520  20.00531915 -155.79554725
110 1 0.00 0.0000 New Taxiway 30
112  20.00541265 -155.79584183  20.00540190 -155.79587878
112  20.00533397 -155.79586074  20.00530976 -155.79583219
114  20.00535817 -155.79577760  20.00539314 -155.79576919
110 1 0.00 0.0000 New Taxiway 30
112  20.00533799 -155.79610750  20.00532724 -155.79614445
112  20.00525931 -155.79612641  20.00523510 -155.79609786
114  20.00528351 -155.79604327  20.00531848 -155.79603486
110 1 0.00 0.0000 New Taxiway 30
112  20.00532962 -155.79642553  20.00531759 -155.79646587
112  20.00524158 -155.79644617  20.00521448 -155.79641500
114  20.00526866 -155.79635539  20.00530779 -155.79634622
110 3 0.00 0.0000 New Taxiway 32
111  20.00501770 -155.79594631
112  20.00499083 -155.79603927  20.00499083 -155.79607860
112  20.00499704 -155.79627028  20.00499284 -155.79629978
112  20.00494413 -155.79632481  20.00489877 -155.79632123
112  20.00478034 -155.79630335  20.00475347 -155.79629799
112  20.00470223 -155.79623542  20.00470223 -155.79619162
112  20.00468711 -155.79608168  20.00469383 -155.79605934
112  20.00471819 -155.79602984  20.00473163 -155.79602984
112  20.00474507 -155.79604772  20.00475683 -155.79605934
112  20.00484502 -155.79607900  20.00488197 -155.79607006
112  20.00489877 -155.79602180  20.00491221 -155.79598425
113  20.00492481 -155.79594314
130 Airport Boundary 35
111  20.00538353 -155.79643374
111  20.00528530 -155.79650936
111  20.00508676 -155.79645153
111  20.00492374 -155.79644709
111  20.00476490 -155.79640705
111  20.00465622 -155.79635812
111  20.00461024 -155.79625358
111  20.00460188 -155.79604674
111  20.00455381 -155.79590884
111  20.00450575 -155.79576205
111  20.00438035 -155.79549737
111  20.00420688 -155.79528830
111  20.00424351 -155.79521575
111  20.00438260 -155.79533481
111  20.00447734 -155.79546889
111  20.00452471 -155.79549249
111  20.00456704 -155.79568984
111  20.00459022 -155.79570164
111  20.00459123 -155.79566196
111  20.00456906 -155.79552359
111  20.00459123 -155.79545602
111  20.00462651 -155.79542277
111  20.00495303 -155.79542800
111  20.00513068 -155.79546507
111  20.00526130 -155.79550955
111  20.00535013 -155.79554477
111  20.00544592 -155.79574494
111  20.00544069 -155.79598404
111  20.00542376 -155.79621116
113  20.00539969 -155.79634568
14  20.00502415 -155.79591685   6.56 0 Tower Viewpoint
99
